0
0
0
0
0
0
0
0
0
0
0
0
0
0
0
0
0
0
0
0
0
0
0
0
0
0
0
2.067561932751582
0
0
0
0
3.3385556645620853
0
0
0
1.1832946624549385
10.601083731046412
1.6271217939187532
0
0
0
1.0479516371446924
0
0
0
0
0
0
0
0
0
0
0
0
0
0
0
0
0
0
0
0
0
0
0
0
1.285097208938469
0
2.7682734124061357
0
0
34.065690278175545
0
0
0
0
0
0
0.8977117175026231
0
0
0
0
0
0
0
0
0
0
0
0
0
0
0
0
0
0
0
0
0
0
0
0
0
0
0.9602525677891276
0
1.1832946624549385
0
0
0
0
0
0
0
0
0
0
0.8304820237218408
0
0
0
0
0
0
0
0
0
2.8552952361926804
0
0
0
0.8977117175026231
0
0
0
0
0
0
0
0
0
0
0
0
0
0
0
0
0
0
0
0
0
0
0
0
0
0
0
0
0
0
0
0
0
0
0
0
0
0
0
0
0
0
1.1073093649624544
0
0
1.1073093649624544
0
0
0
0
0
7.2713697785759965
0
0
0
0
0
0
0
0
0
0
0
0
0
0
0
0
0
0
0
0
0
0
0
0
0
0
0
0
0
0
0
0
0
0
0
0
0
0
0
0.768621786840241
0
0
0
0
0
0
0
7.948673870311836
0
0
0
0
0
0
0
0
0
0
0
0
0
1.0479516371446924
0
0
0
0
0
0
0.7820114830995407
0
0
0
0
0
0
0
0
0
0
0
0
0
1.1832946624549385
6.306543569212062
1.285097208938469
0
0
0
0
0
0
0
0
0
0
0
0
0
0
0
0
0
0
0
0.9266284080291269
0
0
0
0
1.285097208938469
1.4306765580733931
0
0
1.0
0
0
0
0
0
0
0
0
0.6425486044692345
0
0
0
0
0
0
0
0
0
0
0
0
0
0
0
0
2.455345086567929
0
0.768621786840241
0
0
0
0
3.0916406055170746
0
0
0
0
0
0
0
0
0
0
0
0
0
0
0
0
0
0
0
0
0
0
0
0
0
0
0
0
2.9745800451738194
1.285097208938469
0
1.4306765580733931
0
0
0
0
0
0
0
0
0
1.285097208938469
0
0
0
0
0
0
0
0
1.1832946624549385
0
0
0
0
0
0
0
0
0
0
0
0
0
0
0
0
0
0
0
0
0
0
0
0
0
0
0
0
1.6609640474436815
0
1.285097208938469
0
0
0
0
0
0
0
0
0
0
0
0
0
0
0
0
0.7820114830995407
0
0
0
0
0
0
0
0
0
0
0
0
0
0
0
0
0
0
0
0
0
0
0
0
0
0
0
0
0
0
0
0
0
0
0
1.4306765580733931
0
0
0
0
0
0
1.7954234350052463
0
0
0
0
4.574531469507471
0
0
0
0
0
1.4306765580733931
0
0
0
0
0
0
0
0
0
0
0
0
0
0
0
0
0
0
0
0
0
3.321928094887363
0
0
0
0
0
0
1.6609640474436815
0
0
0
0
0
0
0
0
0
0
0
0
0
0
1.1073093649624544
0
0
0
0
0
1.1832946624549385
0
0
0
1.1832946624549385
0
1.6609640474436815
0
0
0
0
0
0
0
0
0
0
0
0.9602525677891276
0
0
0
0
4.70546428586404
0
0
0
0
0
0
0
0
0
0
0
0
0
2.231246299599631
0
0
0
0
0.9266284080291269
0
0
0
0
0
0
0
0
0
0
0
0
0
0
0
0
0
0
0
0
0
0
0
0
0
1.1832946624549385
0
0
0
0
0
0
0
0
0
0
0
0
0
0
1.6609640474436815
0
0
0
0
0
0
0.9266284080291269
0
0.9266284080291269
0
0
0
0
0
0
0
0
0
0
2.9460612563821504
0
0
0
0
0
0
0
0
0
1.4306765580733931
0
0
0
0
0
0
0
0
1.1073093649624544
0
0
0
0
0
0
0
0
0
0
1.1073093649624544
12.030012973262153
0
0
0
0
0
0
0
0
0
1.4306765580733931
0
2.570194417876938
0
0
0
0
0.9602525677891276
0
0
0
0
0
0
0
0
0
0
0
0
0
0
0
0
0
0
0
0
0
0
0
0
0
0
0
0
0
0
0
0.812711509291959
0
0
0
0
0
0
0
0
0
0
0
0
0
0
0
0
0.8977117175026231
0
1.9745800451738194
0
0
0
0
0
0
0
0
0
0
0
0
0
0
0
0
0
0
0
0
0
0
0
0
0
0
0
0
0
0
0
0.8725028695491561
0
0
0
0
0
3.2863870660276
0
0
0
0
0
0
1.0479516371446924
0
0
0
0
2.8302644098629406
0
0
0
0
0
0
0
0
0
0
0
0
0
0
0
0
0
0
0
0
0
0
0
0
0
0
0
0
0
0
0
0
0
0
0
0
0
2.095903274289385
0
0.8977117175026231
0
0
1.1073093649624544
0
0
0
0
0
0
0.7343611355735556
0.8725028695491561
0
0
0
0
0
0
0
3.321928094887363
0
0
0
0
0
8.330445913052763
0
0
0
0
0
0
0
0
0
0
0
0
0
0.9266284080291269
0
0
0
0
0
0
0
0
0
0
0
0
0
0
0
0
0
0
0
0
0
0
0
0
0
2.954239848684537
0
0
0
0
0
0
0
0
0
0
0
0
0
1.285097208938469
0
1.6609640474436815
0
0
0
0
0
0
0
0
0
0
0
0
0
0.8304820237218408
0
0
0
0
0.7067270923753284
0
0
0
0
0
28.55585551251354
0
0
0
0
0
0
0
0
0
0
0
0
0
0
0
0
0
0
0
0
0
0
0
0
0
0
1.6609640474436815
0
1.6609640474436815
0
1.285097208938469
0
0
0
0
0
0
0
0
0
0
0
0
0
0
0
0
0
0
0
0
0
0
0
0
0
0
0
0
0.9266284080291269
0
0
2.095903274289385
0
0
0
0
0
0
0
0
0
0
0
0
0
0
0
0
0
0
0
0
0
0
0
0
0
0
0
0
0
0.768621786840241
0
0
0
0
0
0
0
0
0
0
0
0
0
0
0
0
0
0
0
0
0
0
0
0
0
0
0
0
0
0
0
2.31112793158451
2.409689766736232
0
0
0
0
0
0
0
0
0
0
0
0
0
0
0
0
0
0
1.285097208938469
0
0
0
0
0
0
0
0
0
0
0
0
0
0
0
0
0
1.1832946624549385
0
0
0
0
0
1.6609640474436815
4.027553372353559
0
1.285097208938469
0
0
0
0
0
0
0
0.7153382790366966
0
0
0.9602525677891276
0
0
0
0
0
1.1832946624549385
0
0
0
0
0
0
0
0
0
1.285097208938469
0
0
0
0
0
0
0
0
0
0
0
1.0
0
0
0
0
0
0
0
