1116
80
2
99
8
16
162
5
472
1560
105
48
208
100
22
48
20
36
10
310
92
34
14
5
648
138
80
7
10
6
210
200
16
1152
4394
144
72
12
115
60
114
176
48
405
396
12
50
10032
2808
117
25
40
36
420
1188
14
18
384
76
86
42
56
130
30
8
2
8
33
32
120
749
27
837
1672
530
20
6
3
6
48
12
144
6
36
255
2607
265
120
396
594
2607
924
45
1148
15
1143
9360
15
48
76
16
36
8
238
6
1416
6
36
32
1950
54
143
984
59
32
9
180
56
12
26
35
8
3
6
2
78
30
36
30
1176
48
86
310
336
245
152
6
80
40
15
1810
300
495
3068
54
12
150
12
2310
6
9
172
18
10
88
80
198
20
126
8360
12
68
726
96
114
22
126
24
48
132
224
4464
36
63
16
72
504
46
279
48
16
12
24
8
198
12
2832
7524
28
25
15
88
12
456
12
24
10
54
888
1860
18
465
1395
100
204
68
30
245
775
33
9
76
75
20
34
294
15
24
12
14
204
381
180
476
1448
525
150
1860
44
20
858
10
1872
49
20
32
6480
49
175
6
3276
30
12
25
594
44
8
180
136
42
27
132
235
48
4
30
15
16
44
2830
120
84
6
410
7
6
40
2667
96
3
18
30
5
32
8
6
42
180
27
66
8
60
59
2340
6
1170
2511
2304
175
476
165
1190
270
1206
150
396
48
9
90
240
38
16
33
36
96
18
14
60
360
6
357
310
72
176
5377
312
27
1764
1116
240
588
42
3344
1896
33
9
6
114
8
2511
6
321
50
18
270
24
62
1620
81
3396
26
1184
1968
10
3081
315
160
114
28
25
86
14
8
20
4
30
12
2786
86
6
10032
117
528
2786
312
20
77
22
35
6
217
9
14
1896
72
45
3
1705
12
30
135
14
18
6
165
90
13
2
35
16
14
60
25
36
12
48
380
6
238
126
14
3348
2232
12
10
84
387
13
25
20
14
2730
4180
4
117
10
714
20
44
20
25
30
300
2
42
104
460
7
114
8
4
42
28
12
462
5
134
36
99
1652
115
18
100
8
9
936
1728
26
25
266
39
3069
810
40
2370
23
1376
32
19
54
26
8
99
220
198
11
70
462
220
1395
384
14
54
20
8
122
70
1665
14
5
702
36
21
12
12
9
62
6
6
90
270
15
3510
891
7
32
35
9
56
1470
15
4
10
8
88
34
42
14
24
108
6688
2310
21
54
36
72
16
1560
3
64
54
14
40
80
43
80
28
18
7
12
7
1981
36
40
12
24
3
90
2508
12
48
390
4
126
108
60
6
1672
36
10
10
792
112
14
748
3069
2
9
4680
18
2340
18
693
11
16
60
126
18
2124
8
15
312
56
4212
2790
18
112
2304
6
171
36
18
225
6
21
450
462
15
96
54
30
54
23
10
25
1672
7
6
4776
145
3276
42
80
15
28
10
12
231
480
3
42
12
12
33
24
371
18
39
550
10
300
24
16
72
8
108
15
3
780
6
36
15
78
11
160
12
28
3318
3344
5
4
27
119
330
19
20
2430
2
2730
12
55
749
72
150
120
156
344
60
14
11
143
22
62
70
16
10
50
12
999
1476
95
54
110
36
18
28
18
16
24
14
90
670
12
20
10
12
17
837
3
56
18
1085
56
39
12
321
708
1764
20
133
25
26
12
60
12
8
1206
64
1728
180
16
72
27
693
24
360
15
390
6
36
236
620
26
8
2896
14
198
6
944
14
882
45
15
1080
107
24
120
72
25
52
430
414
5
6
6
322
16
96
4
54
594
108
480
156
16
54
130
10
5
91
35
1530
7
11
24
45
432
8
5
283
27
210
36
6
762
14
64
676
36
20
378
5
102
336
120
1267
36
6
147
9
36
60
1905
390
4180
62
2366
20
60
14
87
16
56
99
30
12
77
50
90
845
2508
150
33
376
36
1698
708
258
2
8
456
252
4
76
90
90
1085
9
32
120
3213
52
611
66
18
620
8
9
21
6
25
189
796
28
9
32
36
654
38
28
1904
21
768
198
3
5
90
676
10
33
15
65
14
48
64
545
1592
18
360
78
9
5
144
15
24
28
6
711
198
88
38
4
12
36
1116
30
42
306
576
60
21
12
51
54
65
315
306
40
55
60
77
26
12
80
62
54
1536
78
36
68
7
3744
9
15
92
27
60
2
63
6
24
24
18
792
216
75
8
70
990
8
2808
90
2025
44
220
6
4
880
8
185
5
9
112
24
14
124
1116
8
15
4180
3344
26
8
65
400
30
1386
3
462
242
31
54
14
1950
150
24
120
2547
32
8
9
15
20
627
310
234
75
4
322
1674
24
583
1629
110
26
86
18
2133
3276
671
763
8
231
222
2058
104
168
85
18
126
1116
8
9
11
64
112
10
12
10
180
1190
16
34
18
27
330
72
190
8
28
18
12
36
496
948
536
17
36
4378
72
26
231
105
20
110
120
240
744
34
4
948
5
780
120
24
345
642
18
17
240
224
56
620
72
14
126
25
322
8
3
72
12
4860
2596
64
22
860
1312
50
12
476
12
140
21
4
87
86
21
55
5016
594
1620
345
35
62
50
144
18
8
85
6
72
1170
36
80
20
796
12
66
30
204
2360
96
25
1990
160
4
405
5
77
1524
12
135
310
44
16
8
4
68
144
310
24
84
63
38
10
165
24
763
93
430
60
56
126
10
12
32
96
9
4
80
30
310
2025
26
75
2388
558
54
6
4
38
