279
20
1
33
8
16
18
1
236
390
7
6
8
25
2
6
4
4
5
155
23
17
1
5
81
23
5
7
5
3
42
40
8
192
169
6
12
1
115
60
57
16
8
405
198
2
10
836
468
9
25
4
2
30
198
2
1
192
19
43
6
7
65
2
1
1
4
3
16
12
107
3
279
836
53
10
2
1
1
6
6
9
2
18
51
237
53
10
66
33
237
231
15
164
15
127
468
3
16
19
4
2
1
119
2
236
1
6
8
390
6
13
164
59
16
3
12
8
6
2
7
2
1
1
1
39
30
6
2
294
4
86
155
28
35
38
2
10
5
3
181
30
55
236
18
6
75
4
231
1
3
86
3
5
11
16
198
5
42
836
2
17
66
16
38
11
63
3
3
66
56
279
18
63
1
4
63
23
31
6
16
6
2
2
198
2
236
836
4
25
5
88
2
57
6
6
1
18
74
155
3
155
155
10
68
34
15
35
155
11
3
38
3
4
17
294
5
8
1
7
51
127
18
119
181
35
75
155
22
4
78
1
468
7
10
4
405
7
35
1
468
5
6
25
198
4
4
90
17
7
3
66
47
3
2
3
3
8
2
283
60
7
2
82
1
3
4
127
12
1
3
5
1
4
4
2
14
18
3
22
4
6
59
468
1
390
279
192
35
119
33
119
18
134
25
66
12
3
10
30
38
2
11
4
12
3
7
20
90
1
119
155
72
22
283
26
27
294
279
8
294
6
836
237
3
1
6
38
4
279
1
107
10
6
54
4
62
405
9
283
13
74
164
10
237
63
10
19
7
25
43
7
4
2
1
3
1
398
43
2
836
9
66
398
39
1
7
1
5
1
31
3
1
237
8
5
3
155
12
15
27
2
3
2
55
10
1
2
5
2
2
30
5
2
1
6
19
1
119
18
7
279
279
12
1
12
43
1
5
5
2
390
836
1
9
1
119
4
2
5
25
6
30
1
6
26
115
1
19
2
2
7
4
6
42
1
134
6
11
236
115
3
10
1
3
72
192
13
1
14
3
279
405
8
237
23
86
4
19
3
13
2
33
44
18
11
14
231
22
279
192
1
9
1
8
61
10
111
1
1
78
6
7
3
3
1
31
2
3
6
30
3
390
99
1
2
35
1
7
294
5
2
5
4
22
17
7
14
3
6
836
231
3
9
12
4
8
390
1
16
9
1
10
10
43
40
4
2
1
6
1
283
4
5
2
3
1
3
836
4
16
65
1
18
6
15
1
836
2
1
1
198
7
7
68
279
2
1
468
18
390
3
99
1
1
10
6
3
236
4
1
39
7
468
279
6
16
192
2
19
3
1
45
2
3
90
66
5
24
18
5
6
1
2
5
836
1
3
398
29
468
21
5
3
4
2
3
231
24
3
7
4
6
11
4
53
3
3
22
2
60
4
8
4
2
6
3
1
390
3
12
5
13
1
32
2
7
237
836
5
2
3
17
33
19
2
405
1
390
2
55
107
8
25
30
78
86
10
2
1
13
2
31
10
16
5
5
2
111
164
19
27
22
6
18
7
2
4
6
2
15
134
3
2
10
6
17
279
3
8
3
155
7
13
2
107
236
294
5
7
5
2
3
4
1
1
134
16
192
12
1
8
3
231
24
36
3
78
2
18
236
155
26
1
181
2
33
2
236
2
294
5
1
90
107
8
12
9
5
4
86
46
1
3
2
46
2
16
1
6
198
54
16
78
4
9
65
5
1
13
5
153
1
1
3
9
72
4
1
283
9
42
18
3
127
1
4
169
4
10
42
1
51
42
30
181
9
2
49
3
18
60
127
390
836
31
169
10
10
1
29
1
7
9
3
1
11
10
30
169
836
25
11
47
6
283
236
86
1
1
38
21
2
19
90
10
155
1
2
4
119
4
47
22
3
155
2
3
21
2
5
21
398
14
3
4
6
109
38
4
119
1
192
198
1
1
30
169
10
3
3
65
2
16
16
109
398
18
45
6
3
5
36
1
24
2
3
237
11
8
2
2
4
18
279
30
42
17
72
3
1
4
17
9
65
63
34
5
55
5
11
13
2
10
31
3
192
6
3
17
7
468
3
3
23
9
2
1
21
3
6
2
6
66
72
75
4
35
99
1
468
3
405
4
22
1
2
80
1
37
1
1
16
3
2
62
124
2
3
836
836
1
1
5
40
6
231
1
66
22
31
6
2
390
75
24
12
283
16
1
1
3
1
57
62
26
15
1
46
279
12
53
181
22
26
43
1
237
468
61
109
2
231
74
294
52
14
17
2
14
279
8
1
1
16
7
5
2
2
12
119
8
2
2
3
30
12
19
2
14
6
3
4
124
237
134
17
3
398
3
13
33
21
4
10
8
60
124
17
2
237
1
390
10
6
115
107
3
1
30
56
7
155
18
1
63
1
46
2
1
24
3
405
236
32
22
43
164
5
4
68
6
35
1
1
29
43
7
55
836
198
405
115
7
31
5
72
3
2
17
1
12
45
12
40
1
398
6
66
5
34
236
8
25
398
80
4
405
1
11
127
4
15
155
22
4
2
1
34
24
155
12
42
21
19
2
33
8
109
31
86
6
4
18
10
4
4
16
1
1
5
1
155
405
13
25
398
279
2
3
1
2
