0.4752981260647359
0.026737967914438502
0.06666666666666667
0.6470588235294118
1.0
1.0
0.02236024844720497
0.005376344086021506
0.9957805907172996
0.5794947994056464
0.008254716981132075
0.01060070671378092
0.019230769230769232
0.46296296296296297
0.0020222446916076846
0.004166666666666667
0.011976047904191617
0.004250797024442083
0.4166666666666667
0.34988713318284426
0.26744186046511625
0.34
0.0010626992561105207
1.0
0.18161434977578475
0.12568306010928962
0.0165016501650165
1.0
1.0
0.5
0.05630026809651475
0.12012012012012012
0.6153846153846154
0.23414634146341465
0.40625
0.0054694621695533276
0.023529411764705882
0.0011737089201877935
1.0
1.0
0.6785714285714286
0.014705882352941176
0.032
1.0
0.8354430379746836
0.01694915254237288
0.16666666666666666
0.9812206572769953
0.9873417721518988
0.014106583072100314
1.0
0.004333694474539545
0.003616636528028933
0.014771048744460856
0.8425531914893617
0.0091324200913242
0.0017331022530329288
0.96
0.17272727272727273
0.4777777777777778
0.014388489208633094
0.1346153846153846
0.8125
0.005012531328320802
0.058823529411764705
0.0024691358024691358
0.004767580452920143
0.003911342894393742
0.6956521739130435
0.024742268041237112
0.11941964285714286
0.00423728813559322
0.5861344537815126
0.954337899543379
0.212
0.12345679012345678
0.044444444444444446
0.07692307692307693
0.16666666666666666
0.005813953488372093
0.06451612903225806
0.006569343065693431
0.05555555555555555
0.9
0.796875
0.18174846625766872
0.1448087431693989
0.03460207612456748
0.09053497942386832
0.8048780487804879
0.21160714285714285
0.2238372093023256
0.7142857142857143
0.18242491657397109
1.0
0.07636800962116656
0.38266557645134913
0.12
0.4444444444444444
0.2714285714285714
0.0392156862745098
0.001212856276531231
0.02040816326530612
0.8206896551724138
0.5
0.2648709315375982
0.0028735632183908046
0.0070921985815602835
0.1951219512195122
0.6467661691542289
0.008185538881309686
0.08074534161490683
0.17845484221980412
1.0
0.7619047619047619
0.17647058823529413
0.0594059405940594
0.006309148264984227
0.034482758620689655
0.025974025974025976
0.0660377358490566
0.001962708537782139
0.047619047619047616
0.0035087719298245615
0.3333333333333333
0.08986175115207373
1.0
0.006543075245365322
0.005012531328320802
0.26972477064220185
0.010498687664041995
1.0
0.1619644723092999
0.0877742946708464
0.19021739130434784
0.1314878892733564
0.05263157894736842
0.049019607843137254
0.0057670126874279125
0.0039164490861618795
0.24828532235939643
0.05163511187607573
0.2570093457943925
0.22583732057416267
0.2903225806451613
0.01488833746898263
0.8241758241758241
0.007575757575757576
0.8953488372093024
0.015873015873015872
0.06382978723404255
0.5695364238410596
0.0017699115044247787
0.10638297872340426
0.03754266211604096
0.1509433962264151
1.0
0.14705882352941177
0.7368421052631579
0.987012987012987
0.03333333333333333
0.12142857142857143
0.06925498426023086
0.06557377049180328
0.3917525773195876
0.13414634146341464
0.9
0.08571428571428572
0.004658385093167702
0.616822429906542
0.3393939393939394
0.6690647482014388
0.9473684210526315
1.0
0.05263157894736842
0.003864734299516908
0.0703125
0.05569007263922518
0.05762081784386617
0.011627906976744186
1.0
0.2608695652173913
0.0019212295869356388
0.00847457627118644
1.0
0.041666666666666664
0.49166666666666664
0.755877034358047
0.4444444444444444
1.0
0.21739130434782608
1.0
0.016129032258064516
0.061621621621621624
0.75
0.03296703296703297
0.00186219739292365
0.72
0.1140215716486903
0.2813067150635209
0.002770083102493075
0.6512605042016807
0.17775229357798164
0.07874015748031496
0.07674943566591422
0.6071428571428571
0.03112033195020747
0.07608695652173914
0.8806818181818182
0.021235521235521235
0.01485148514851485
0.9743589743589743
0.00425531914893617
0.017316017316017316
0.5483870967741935
1.0
0.09433962264150944
0.21052631578947367
0.0012077294685990338
0.06363636363636363
0.4473684210526316
0.6827956989247311
0.21428571428571427
0.33055555555555555
0.35009671179883944
0.02766798418972332
0.78125
0.11923076923076924
0.15384615384615385
0.006872852233676976
0.13131313131313133
0.002840909090909091
0.5770653514180024
0.00720164609053498
0.056179775280898875
0.004545454545454545
0.28642149929278643
0.05555555555555555
0.1023391812865497
0.011627906976744186
0.4968152866242038
0.007132667617689016
0.4
1.0
0.9295774647887324
0.013422818791946308
0.4444444444444444
0.8411214953271028
0.036170212765957444
0.22580645161290322
0.2
0.7857142857142857
0.053469852104664393
0.0021216407355021216
0.0023894862604540022
0.0034965034965034965
0.01948051948051948
0.4
0.004282655246252677
0.5250463821892394
0.6060606060606061
0.035897435897435895
0.6666666666666666
0.10889774236387782
0.001176470588235294
0.6
0.005141388174807198
0.349862258953168
0.011121408711770158
0.25
0.002909796314258002
0.054945054945054944
0.007462686567164179
0.0033222591362126247
1.0
0.3333333333333333
0.16279069767441862
0.06976744186046512
0.00487012987012987
0.88
0.8
0.01060070671378092
1.0
0.3433602347762289
0.0007457121551081282
0.639344262295082
0.21561051004636786
0.3595505617977528
0.07478632478632478
0.9444444444444444
0.5
0.07409713574097136
0.016682113067655237
0.11879432624113476
0.18382352941176472
0.11
0.11764705882352941
0.0035587188612099642
0.009970089730807577
0.5555555555555556
1.0
0.0022271714922048997
0.13580246913580246
0.03508771929824561
0.375
0.0072992700729927005
0.7
0.5405405405405406
0.782608695652174
0.0006702412868632708
0.3439306358381503
0.7276995305164319
1.0
0.037037037037037035
0.23273026315789475
0.015873015873015872
1.0
0.8258426966292135
0.5
0.01805869074492099
0.9735099337748344
0.03260869565217391
0.9881796690307328
0.4540229885057471
0.003264417845484222
0.010309278350515464
1.0
0.8837209302325582
0.6666666666666666
0.2714007782101167
0.007042253521126761
0.7039473684210527
0.023474178403755867
0.375
0.07356948228882834
0.002320185614849188
1.0
0.27873365450791465
0.0074503311258278145
0.9158576051779935
0.09923664122137404
0.10678210678210678
0.13969335604770017
1.0
0.2727272727272727
0.13347457627118645
0.07194244604316546
0.0407725321888412
0.041666666666666664
1.0
0.5972222222222222
0.5833333333333334
0.16
0.001943634596695821
0.004081632653061225
0.011627906976744186
0.0005885815185403178
0.9255813953488372
0.7166666666666667
0.2857142857142857
0.4920541494997057
0.2571428571428571
0.0671414038657172
0.28047921071176884
0.06565656565656566
0.0006872852233676976
0.0062836624775583485
0.0021413276231263384
0.0036737692872887582
0.0011933174224343676
0.4025974025974026
0.08823529411764706
0.037037037037037035
0.3062015503875969
0.01642710472279261
0.00655307994757536
1.0
0.15438247011952191
1.0
0.32608695652173914
0.08011869436201781
0.003484320557491289
0.15
0.0111731843575419
0.7534246575342466
0.136986301369863
0.0016313213703099511
1.0
0.011904761904761904
0.10526315789473684
0.0021119324181626186
0.5555555555555556
0.005307855626326964
0.008733624454148471
0.03125
0.011494252873563218
0.03145695364238411
0.0021691973969631237
0.9015151515151515
0.08411214953271028
0.024390243902439025
0.32142857142857145
0.28411405295315684
1.0
0.0016129032258064516
0.01107011070110701
0.0508274231678487
0.003246753246753247
0.029069767441860465
0.21739130434782608
0.2222222222222222
0.3488372093023256
0.9489216799091941
0.004807692307692308
0.10975609756097561
0.0010834236186348862
0.11080074487895716
0.039603960396039604
0.0016090104585679806
0.1282051282051282
1.0
0.006864988558352402
0.22556390977443608
0.08333333333333333
0.008902077151335312
0.08099688473520249
0.8712121212121212
0.010752688172043012
0.013688760806916427
0.0023894862604540022
0.2222222222222222
0.00865265760197775
0.003835091083413231
0.46153846153846156
0.0707070707070707
0.006944444444444444
1.0
0.013513513513513514
0.2972972972972973
0.1873015873015873
1.0
0.06818181818181818
0.00649772579597141
0.003816793893129771
0.2
0.17560975609756097
0.8807339449541285
0.8666666666666667
0.0014184397163120568
0.00842358604091456
0.0031446540880503146
0.5254237288135594
0.9878048780487805
0.06015037593984962
0.2314453125
1.0
0.06974858069748581
0.011730205278592375
1.0
0.033707865168539325
0.07784431137724551
0.007042253521126761
0.5
0.411214953271028
0.029173419773095625
1.0
0.013133208255159476
1.0
0.205607476635514
0.7479892761394102
0.6597938144329897
0.09090909090909091
0.008695652173913044
0.0006872852233676976
1.0
0.6421052631578947
0.06802721088435375
0.06851851851851852
0.009900990099009901
0.0024509803921568627
0.35294117647058826
0.1935483870967742
1.0
0.007228915662650603
0.6
0.00211864406779661
0.7560975609756098
0.004608294930875576
0.5
0.010526315789473684
0.04081632653061224
0.009554140127388535
0.639344262295082
0.15325077399380804
0.0041841004184100415
0.0016220600162206002
1.0
0.5
0.03431372549019608
0.4688995215311005
0.2631578947368421
0.4
1.0
0.17391304347826086
0.07096774193548387
0.425
0.2
1.0
0.061224489795918366
0.004267425320056899
0.9136612021857924
0.5347222222222222
0.005415162454873646
0.16363636363636364
0.047058823529411764
0.002844950213371266
0.14285714285714285
0.9582309582309583
0.001718213058419244
0.037383177570093455
0.21428571428571427
0.09090909090909091
0.11235955056179775
0.01824817518248175
1.0
0.425531914893617
0.01951219512195122
0.0392156862745098
0.009900990099009901
0.16216216216216217
0.02040816326530612
0.24544666088464875
0.01834862385321101
0.01020408163265306
0.006557377049180328
0.009836065573770493
0.004347826086956522
0.011811023622047244
0.9964243146603099
0.5714285714285714
0.7619047619047619
0.3693181818181818
0.006172839506172839
0.1258741258741259
0.005946481665014866
0.05226480836236934
0.2
0.8735632183908046
0.04878048780487805
0.027777777777777776
0.0029585798816568047
0.5142857142857142
0.0056772100567721
0.7777777777777778
0.03356367226061204
0.2471213463241807
1.0
0.08333333333333333
0.8764044943820225
1.0
0.6478405315614618
0.002403846153846154
0.12724935732647816
0.0010604453870625664
0.058823529411764705
0.04854368932038835
0.3333333333333333
0.03409090909090909
0.16054421768707483
0.3333333333333333
0.0049261083743842365
0.06666666666666667
0.011254019292604502
0.8312611012433393
0.312780269058296
0.01263157894736842
0.017429193899782137
0.1761467889908257
0.2222222222222222
0.08837209302325581
0.006928406466512702
0.0009910802775024777
0.6923076923076923
0.1111111111111111
0.009230769230769232
0.9278350515463918
0.1312127236580517
0.01466275659824047
0.26666666666666666
0.04044943820224719
0.004766444232602479
0.23076923076923078
0.001937984496124031
0.07142857142857142
0.010245901639344262
0.9940546967895363
0.1111111111111111
0.3
0.3651376146788991
0.022961203483768806
0.32231404958677684
0.875
0.0165016501650165
0.010526315789473684
0.003669724770642202
0.0021164021164021165
0.75
1.0
0.03508771929824561
1.0
0.007909604519774011
0.00477326968973747
0.6666666666666666
1.0
0.04395604395604396
0.0586283185840708
0.017964071856287425
0.0189873417721519
0.07508532423208192
0.008695652173913044
0.4580152671755725
0.2
0.019464720194647202
0.009592326139088728
0.017391304347826087
0.06741573033707865
0.2727272727272727
0.002777777777777778
0.6759098786828422
0.1875
0.631578947368421
0.005952380952380952
0.11016949152542373
0.008771929824561403
0.03591470258136925
0.05714285714285714
0.11290322580645161
0.11669128508124077
0.9754959159859977
1.0
0.14285714285714285
0.23076923076923078
0.032567049808429116
0.025680933852140077
1.0
0.010638297872340425
0.8635394456289979
0.5
0.4189044038668099
0.06666666666666667
1.0
0.1148068669527897
0.06611570247933884
0.22935779816513763
0.4
0.4431818181818182
0.07413793103448275
0.025
0.15384615384615385
0.002109704641350211
0.011948529411764705
0.002574002574002574
0.36904761904761907
0.01088139281828074
1.0
0.7142857142857143
0.028089887640449437
0.0018467220683287165
0.14304123711340205
0.09861695730607337
0.16666666666666666
0.8181818181818182
0.20754716981132076
0.05084745762711865
1.0
0.010401188707280832
0.002352941176470588
0.00390625
0.25
0.00468384074941452
0.023255813953488372
0.7790697674418605
0.005607476635514018
0.0032258064516129032
1.0
0.8571428571428571
1.0
0.9653979238754326
1.0
0.02877697841726619
0.0035169988276670576
0.15166340508806261
0.00798175598631699
0.4482758620689655
0.017699115044247787
0.6407185628742516
0.22285174693106705
0.5798816568047337
0.08196721311475409
0.5384615384615384
0.01256281407035176
0.019417475728155338
0.5
0.004629629629629629
0.0011547344110854503
0.005050505050505051
0.10022438294689603
0.6153846153846154
0.29675425038639874
0.0594059405940594
0.01639344262295082
0.0851063829787234
0.3
0.22602739726027396
1.0
0.10140845070422536
0.003575685339690107
0.3880597014925373
0.4
0.13636363636363635
1.0
0.8201058201058201
1.0
0.0021598272138228943
0.2611832611832612
0.0076045627376425855
0.30275229357798167
0.0019646365422396855
0.9516129032258065
0.00392156862745098
0.27071823204419887
0.006802721088435374
0.0009267840593141798
0.0797872340425532
1.0
0.008316008316008316
0.18461538461538463
0.03879310344827586
0.10416666666666667
0.006920415224913495
0.09587513935340022
0.11917098445595854
0.005434782608695652
0.05263157894736842
0.18181818181818182
0.34074074074074073
0.0023014959723820483
0.8
0.000942507068803016
0.08695652173913043
0.8761061946902655
0.3576158940397351
0.06299212598425197
0.4431818181818182
0.004123711340206186
0.059602649006622516
0.49242424242424243
0.0641025641025641
0.002398081534772182
0.02663934426229508
0.22727272727272727
0.1806375442739079
0.003105590062111801
0.001996007984031936
0.002613240418118467
0.06382978723404255
0.1889763779527559
0.2857142857142857
0.0011947431302270011
1.0
0.16071428571428573
0.2
0.375
0.75
0.09761721752498079
0.014285714285714285
0.21052631578947367
0.15089285714285713
0.03773584905660377
0.22727272727272727
0.07567567567567568
0.25
0.9622641509433962
0.0865979381443299
0.2608695652173913
0.23660130718954248
0.08737864077669903
0.14285714285714285
0.6282051282051282
0.0297029702970297
0.9473684210526315
1.0
0.10325203252032521
1.0
0.6229508196721312
0.6888888888888889
0.14130434782608695
0.5
0.026455026455026454
0.002380952380952381
0.6590909090909091
0.05263157894736842
0.016203703703703703
0.05113636363636364
0.003194888178913738
0.0033783783783783786
0.171875
0.7142857142857143
0.2127659574468085
0.845
0.7924170616113744
0.2840909090909091
0.061452513966480445
0.04594330400782014
0.013513513513513514
0.956081081081081
0.9516129032258065
0.7962962962962963
0.3333333333333333
0.0011350737797956867
0.033628318584070796
0.05511811023622047
0.4
0.125
1.0
0.136986301369863
0.8659217877094972
0.0022222222222222222
0.014388489208633094
0.015748031496062992
0.09160892994611239
0.12903225806451613
0.04870466321243523
0.30985915492957744
0.09375
0.1473384030418251
0.05128205128205128
0.033707865168539325
1.0
0.005249343832020997
0.015625
0.0189873417721519
0.9925187032418953
0.16666666666666666
0.21428571428571427
0.004371584699453552
0.038461538461538464
0.157514450867052
1.0
0.10526315789473684
0.8561151079136691
0.0009074410163339383
0.22939068100358423
1.0
0.006329113924050633
0.006134969325153374
0.3157894736842105
0.757847533632287
1.0
0.0041265474552957355
0.21428571428571427
1.0
0.019801980198019802
0.8888888888888888
0.5517241379310345
0.923728813559322
0.8172484599589322
1.0
0.2542372881355932
0.005928853754940711
0.75
1.0
0.5373134328358209
0.006097560975609756
1.0
0.0049382716049382715
0.6
0.44052044609665425
0.012008733624454149
0.017738359201773836
0.15384615384615385
0.006779661016949152
0.00881057268722467
0.5625
0.9721254355400697
1.0
1.0
0.19767441860465115
0.12949640287769784
0.004777070063694267
0.00199203187250996
0.07142857142857142
0.7391304347826086
0.06338028169014084
1.0
0.6057692307692307
0.05519480519480519
0.024752475247524754
1.0
0.0057405281285878304
0.0873015873015873
0.19117647058823528
0.0047169811320754715
0.08695652173913043
0.21379310344827587
0.005714285714285714
0.4304932735426009
0.018867924528301886
0.00625
0.02
1.0
0.8268551236749117
0.75
0.005964214711729622
0.03343023255813953
0.10588235294117647
0.004514672686230248
0.5
0.15217391304347827
0.15
0.8571428571428571
0.006825938566552901
0.46153846153846156
0.06340057636887608
0.5454545454545454
1.0
0.07272727272727272
0.8333333333333334
0.1493212669683258
0.0018832391713747645
0.4273972602739726
0.011811023622047244
0.9926470588235294
0.008869179600886918
0.4782608695652174
0.004651162790697674
1.0
0.3463203463203463
0.005291005291005291
0.26811594202898553
0.002109704641350211
0.0007874015748031496
0.09876543209876543
0.003432494279176201
0.019801980198019802
0.7948717948717948
0.142692750287687
0.024691358024691357
0.00234375
0.9893491124260355
0.6763754045307443
0.25
0.0017921146953405018
0.012135922330097087
0.056179775280898875
0.3157894736842105
0.3515981735159817
0.07692307692307693
0.08527131782945736
0.01948627103631532
1.0
0.010657193605683837
0.03571428571428571
0.9048723897911833
0.8241758241758241
1.0
0.053811659192825115
0.26672950047125354
0.6956521739130435
0.006756756756756757
0.0019157088122605363
0.005226480836236934
0.0016556291390728477
0.054285714285714284
0.5636363636363636
0.048417132216014895
0.1485148514851485
0.001037344398340249
0.04831932773109244
0.38324175824175827
0.040955631399317405
0.061342592592592594
0.1304034582132565
0.3384615384615385
1.0
0.86
0.002398081534772182
0.23054474708171208
0.639344262295082
0.26406926406926406
0.0950305143853531
0.006993006993006993
1.0
0.16299559471365638
0.19972826086956522
1.0
0.015748031496062992
0.23943661971830985
0.0020222446916076846
0.012048192771084338
0.7027707808564232
1.0
0.0009398496240601503
0.006172839506172839
0.24242424242424243
0.010101010101010102
0.625
0.012658227848101266
0.0031847133757961785
0.00881057268722467
0.12673056443024494
0.8888888888888888
0.0016299918500407497
0.0016792611251049538
0.002827521206409048
0.029880478087649404
0.21818181818181817
0.01917255297679112
0.0023781212841854932
0.32558139534883723
0.012684989429175475
0.05172413793103448
0.16666666666666666
0.34831460674157305
0.21803127874885003
0.49814126394052044
1.0
0.09375
0.47268408551068886
0.0027347310847766638
0.6190476190476191
0.061452513966480445
0.17355371900826447
0.012987012987012988
0.009416195856873822
0.01904761904761905
0.29411764705882354
0.22794117647058823
0.32075471698113206
0.06666666666666667
0.4540229885057471
0.0011961722488038277
0.8423326133909287
0.03759398496240601
0.0335195530726257
0.5637254901960784
0.4068441064638783
0.01694915254237288
0.0008149959250203749
0.1276595744680851
0.0782122905027933
0.015250544662309368
0.11322132943754565
0.20224719101123595
0.0196078431372549
0.7
0.0019083969465648854
0.07076923076923076
0.02564102564102564
0.16666666666666666
0.42857142857142855
0.008695652173913044
0.38904899135446686
0.18466353677621283
0.06451612903225806
1.0
0.027353689567430027
0.7454545454545455
0.009940357852882704
0.36363636363636365
0.1452991452991453
0.6
0.2916666666666667
0.002564102564102564
0.011363636363636364
0.06196581196581197
0.7678571428571429
0.11864406779661017
1.0
0.990521327014218
0.9801980198019802
0.5632823365785814
0.3709677419354839
0.023728813559322035
0.6326530612244898
0.014792899408284023
0.6792452830188679
0.16666666666666666
0.021505376344086023
0.40476190476190477
0.004424778761061947
0.04081632653061224
0.036555645816409424
0.04054054054054054
0.6666666666666666
0.03571428571428571
0.9875930521091811
0.07792207792207792
1.0
0.010706638115631691
0.1504424778761062
0.26727066817667045
0.009962640099626401
1.0
0.9900497512437811
0.17278617710583152
1.0
1.0
0.25
0.07746478873239436
0.23049001814882034
0.2
0.013837638376383764
0.7868020304568528
0.8461538461538461
0.5
0.006369426751592357
0.004201680672268907
0.9444444444444444
0.09836065573770492
0.8659217877094972
0.2
0.9767441860465116
0.3333333333333333
0.2676056338028169
0.015625
0.15566037735849056
0.12698412698412698
0.09453599306157849
0.8378378378378378
0.19953596287703015
0.009404388714733543
0.004975124378109453
0.12244897959183673
1.0
0.6666666666666666
0.0060790273556231
0.13559322033898305
0.5
0.16666666666666666
0.03225806451612903
0.002257336343115124
1.0
0.5198973042362003
0.18840579710144928
0.22522522522522523
0.4407530454042082
0.5849056603773585
0.015037593984962405
0.42857142857142855
0.01282051282051282
0.0024449877750611247
