0.0
0.0
0.0
0.0
0.0
0.0
0.0
0.0
0.0
0.0
0.0
0.0
0.0
0.0
0.0
0.0
0.0
0.0
0.0
0.0
0.0
0.0
0.0
0.0
0.0
0.0
0.0
0.10814761408717503
0.0
0.0
0.0
0.0
0.3
0.0
0.0
0.0
0.06804138174397717
0.5614899250748772
0.3651483716701107
0.0
0.0
0.0
0.31622776601683794
0.0
0.0
0.0
0.0
0.0
0.0
0.0
0.0
0.0
0.0
0.0
0.0
0.0
0.0
0.0
0.0
0.0
0.0
0.0
0.0
0.0
0.0
0.0
0.0
0.20412414523193154
0.0
0.2886751345948129
0.0
0.0
0.4529108136578383
0.0
0.0
0.0
0.0
0.0
0.0
0.4082482904638631
0.0
0.0
0.0
0.0
0.0
0.0
0.0
0.0
0.0
0.0
0.0
0.0
0.0
0.0
0.0
0.0
0.0
0.0
0.0
0.0
0.0
0.0
0.0
0.0
0.0
0.0
0.31622776601683794
0.0
0.4472135954999579
0.0
0.0
0.0
0.0
0.0
0.0
0.0
0.0
0.0
0.0
0.4472135954999579
0.0
0.0
0.0
0.0
0.0
0.0
0.0
0.0
0.0
0.6546536707079772
0.0
0.0
0.0
0.3779644730092272
0.0
0.0
0.0
0.0
0.0
0.0
0.0
0.0
0.0
0.0
0.0
0.0
0.0
0.0
0.0
0.0
0.0
0.0
0.0
0.0
0.0
0.0
0.0
0.0
0.0
0.0
0.0
0.0
0.0
0.0
0.0
0.0
0.0
0.0
0.0
0.0
0.0
0.0
0.0
0.0
0.0
0.0
0.7071067811865475
0.0
0.0
0.3779644730092272
0.0
0.0
0.0
0.0
0.0
0.25916052767440806
0.0
0.0
0.0
0.0
0.0
0.0
0.0
0.0
0.0
0.0
0.0
0.0
0.0
0.0
0.0
0.0
0.0
0.0
0.0
0.0
0.0
0.0
0.0
0.0
0.0
0.0
0.0
0.0
0.0
0.0
0.0
0.0
0.0
0.0
0.0
0.0
0.0
0.0
0.0
1.0
0.0
0.0
0.0
0.0
0.0
0.0
0.0
0.5163977794943222
0.0
0.0
0.0
0.0
0.0
0.0
0.0
0.0
0.0
0.0
0.0
0.0
0.0
0.5773502691896258
0.0
0.0
0.0
0.0
0.0
0.0
0.5
0.0
0.0
0.0
0.0
0.0
0.0
0.0
0.0
0.0
0.0
0.0
0.0
0.0
0.15075567228888181
0.6
1.0
0.0
0.0
0.0
0.0
0.0
0.0
0.0
0.0
0.0
0.0
0.0
0.0
0.0
0.0
0.0
0.0
0.0
0.0
0.0
0.22360679774997896
0.0
0.0
0.0
0.0
0.25
0.23570226039551587
0.0
0.0
0.2886751345948129
0.0
0.0
0.0
0.0
0.0
0.0
0.0
0.0
0.35355339059327373
0.0
0.0
0.0
0.0
0.0
0.0
0.0
0.0
0.0
0.0
0.0
0.0
0.0
0.0
0.0
0.0
0.10867853340033277
0.0
0.22360679774997896
0.0
0.0
0.0
0.0
0.2721655269759087
0.0
0.0
0.0
0.0
0.0
0.0
0.0
0.0
0.0
0.0
0.0
0.0
0.0
0.0
0.0
0.0
0.0
0.0
0.0
0.0
0.0
0.0
0.0
0.0
0.0
0.0
0.0
0.0
0.8017837257372732
0.5
0.0
0.12909944487358055
0.0
0.0
0.0
0.0
0.0
0.0
0.0
0.0
0.0
0.3779644730092272
0.0
0.0
0.0
0.0
0.0
0.0
0.0
0.0
0.22360679774997896
0.0
0.0
0.0
0.0
0.0
0.0
0.0
0.0
0.0
0.0
0.0
0.0
0.0
0.0
0.0
0.0
0.0
0.0
0.0
0.0
0.0
0.0
0.0
0.0
0.0
0.0
0.0
0.0
0.12126781251816648
0.0
0.31622776601683794
0.0
0.0
0.0
0.0
0.0
0.0
0.0
0.0
0.0
0.0
0.0
0.0
0.0
0.0
0.0
0.0
0.1690308509457033
0.0
0.0
0.0
0.0
0.0
0.0
0.0
0.0
0.0
0.0
0.0
0.0
0.0
0.0
0.0
0.0
0.0
0.0
0.0
0.0
0.0
0.0
0.0
0.0
0.0
0.0
0.0
0.0
0.0
0.0
0.0
0.0
0.0
0.0
0.0
0.25
0.0
0.0
0.0
0.0
0.0
0.0
0.23570226039551587
0.0
0.0
0.0
0.0
0.19364916731037085
0.0
0.0
0.0
0.0
0.0
0.5
0.0
0.0
0.0
0.0
0.0
0.0
0.0
0.0
0.0
0.0
0.0
0.0
0.0
0.0
0.0
0.0
0.0
0.0
0.0
0.0
0.0
0.14433756729740646
0.0
0.0
0.0
0.0
0.0
0.0
0.35355339059327373
0.0
0.0
0.0
0.0
0.0
0.0
0.0
0.0
0.0
0.0
0.0
0.0
0.0
0.0
0.5773502691896258
0.0
0.0
0.0
0.0
0.0
0.3333333333333333
0.0
0.0
0.0
0.06984302957695782
0.0
0.18257418583505536
0.0
0.0
0.0
0.0
0.0
0.0
0.0
0.0
0.0
0.0
0.0
0.4082482904638631
0.0
0.0
0.0
0.0
0.6666666666666666
0.0
0.0
0.0
0.0
0.0
0.0
0.0
0.0
0.0
0.0
0.0
0.0
0.0
0.5
0.0
0.0
0.0
0.0
0.31622776601683794
0.0
0.0
0.0
0.0
0.0
0.0
0.0
0.0
0.0
0.0
0.0
0.0
0.0
0.0
0.0
0.0
0.0
0.0
0.0
0.0
0.0
0.0
0.0
0.0
0.0
0.059028133610095526
0.0
0.0
0.0
0.0
0.0
0.0
0.0
0.0
0.0
0.0
0.0
0.0
0.0
0.0
0.08606629658238704
0.0
0.0
0.0
0.0
0.0
0.0
0.25
0.0
1.0
0.0
0.0
0.0
0.0
0.0
0.0
0.0
0.0
0.0
0.0
0.5773502691896258
0.0
0.0
0.0
0.0
0.0
0.0
0.0
0.0
0.0
0.14433756729740646
0.0
0.0
0.0
0.0
0.0
0.0
0.0
0.0
0.08703882797784893
0.0
0.0
0.0
0.0
0.0
0.0
0.0
0.0
0.0
0.0
0.20412414523193154
0.67700320038633
0.0
0.0
0.0
0.0
0.0
0.0
0.0
0.0
0.0
0.15811388300841897
0.0
0.20965696734438366
0.0
0.0
0.0
0.0
0.2672612419124244
0.0
0.0
0.0
0.0
0.0
0.0
0.0
0.0
0.0
0.0
0.0
0.0
0.0
0.0
0.0
0.0
0.0
0.0
0.0
0.0
0.0
0.0
0.0
0.0
0.0
0.0
0.0
0.0
0.0
0.0
0.0
0.2886751345948129
0.0
0.0
0.0
0.0
0.0
0.0
0.0
0.0
0.0
0.0
0.0
0.0
0.0
0.0
0.0
0.0
1.0
0.0
0.8944271909999159
0.0
0.0
0.0
0.0
0.0
0.0
0.0
0.0
0.0
0.0
0.0
0.0
0.0
0.0
0.0
0.0
0.0
0.0
0.0
0.0
0.0
0.0
0.0
0.0
0.0
0.0
0.0
0.0
0.0
0.0
0.0
0.5773502691896258
0.0
0.0
0.0
0.0
0.0
0.41602514716892186
0.0
0.0
0.0
0.0
0.0
0.0
0.2886751345948129
0.0
0.0
0.0
0.0
0.16116459280507606
0.0
0.0
0.0
0.0
0.0
0.0
0.0
0.0
0.0
0.0
0.0
0.0
0.0
0.0
0.0
0.0
0.0
0.0
0.0
0.0
0.0
0.0
0.0
0.0
0.0
0.0
0.0
0.0
0.0
0.0
0.0
0.0
0.0
0.0
0.0
0.0
0.0
0.7071067811865475
0.0
0.4082482904638631
0.0
0.0
0.22360679774997896
0.0
0.0
0.0
0.0
0.0
0.0
0.3333333333333333
0.7071067811865475
0.0
0.0
0.0
0.0
0.0
0.0
0.0
0.18257418583505536
0.0
0.0
0.0
0.0
0.0
0.27937211830783126
0.0
0.0
0.0
0.0
0.0
0.0
0.0
0.0
0.0
0.0
0.0
0.0
0.0
0.5773502691896258
0.0
0.0
0.0
0.0
0.0
0.0
0.0
0.0
0.0
0.0
0.0
0.0
0.0
0.0
0.0
0.0
0.0
0.0
0.0
0.0
0.0
0.0
0.0
0.0
0.0
0.6123724356957946
0.0
0.0
0.0
0.0
0.0
0.0
0.0
0.0
0.0
0.0
0.0
0.0
0.0
0.4082482904638631
0.0
0.5
0.0
0.0
0.0
0.0
0.0
0.0
0.0
0.0
0.0
0.0
0.0
0.0
0.0
0.31622776601683794
0.0
0.0
0.0
0.0
0.20412414523193154
0.0
0.0
0.0
0.0
0.0
1.504823163572115
0.0
0.0
0.0
0.0
0.0
0.0
0.0
0.0
0.0
0.0
0.0
0.0
0.0
0.0
0.0
0.0
0.0
0.0
0.0
0.0
0.0
0.0
0.0
0.0
0.0
0.0
0.2886751345948129
0.0
0.2886751345948129
0.0
0.20412414523193154
0.0
0.0
0.0
0.0
0.0
0.0
0.0
0.0
0.0
0.0
0.0
0.0
0.0
0.0
0.0
0.0
0.0
0.0
0.0
0.0
0.0
0.0
0.0
0.0
0.0
0.0
0.0
0.0
0.30151134457776363
0.0
0.0
0.10540925533894598
0.0
0.0
0.0
0.0
0.0
0.0
0.0
0.0
0.0
0.0
0.0
0.0
0.0
0.0
0.0
0.0
0.0
0.0
0.0
0.0
0.0
0.0
0.0
0.0
0.0
0.0
0.0
0.0
0.0
0.1111111111111111
0.0
0.0
0.0
0.0
0.0
0.0
0.0
0.0
0.0
0.0
0.0
0.0
0.0
0.0
0.0
0.0
0.0
0.0
0.0
0.0
0.0
0.0
0.0
0.0
0.0
0.0
0.0
0.0
0.0
0.0
0.0
0.75
0.20701966780270628
0.0
0.0
0.0
0.0
0.0
0.0
0.0
0.0
0.0
0.0
0.0
0.0
0.0
0.0
0.0
0.0
0.0
0.0
0.15075567228888181
0.0
0.0
0.0
0.0
0.0
0.0
0.0
0.0
0.0
0.0
0.0
0.0
0.0
0.0
0.0
0.0
0.0
0.4472135954999579
0.0
0.0
0.0
0.0
0.0
0.3333333333333333
0.75
0.0
0.4082482904638631
0.0
0.0
0.0
0.0
0.0
0.0
0.0
0.16012815380508713
0.0
0.0
0.7071067811865475
0.0
0.0
0.0
0.0
0.0
0.2581988897471611
0.0
0.0
0.0
0.0
0.0
0.0
0.0
0.0
0.0
0.31622776601683794
0.0
0.0
0.0
0.0
0.0
0.0
0.0
0.0
0.0
0.0
0.0
0.2773500981126146
0.0
0.0
0.0
0.0
0.0
0.0
0.0
