18
1395
45
306
270
54
285
833
155
1
276
7
12
7
16
468
63
310
555
1
468
108
36
5
21
4680
78
14
12
132
30
126
24
36
6
1132
24
990
25
20
126
126
54
162
566
338
18
360
36
2388
114
204
336
48
186
87
7
4
6
32
66
1936
56
156
594
32
228
16
6
1386
6
12
12
80
36
1
2508
76
95
18
10
560
1953
49
1395
10
10
172
8
4
12
116
4
84
21
42
15
36
12
28
6
18
40
10
4
2
2
4
36
214
1
4
212
4
12
32
7
12
84
10
84
92
2
16
16
1
78
12
4
4
4
476
90
711
7
1
133
66
66
2
25
63
12
3
6
9
6
44
84
32
92
36
20
1070
11
80
100
88
72
159
45
10
5
693
30
9
4
10
13
1086
18
276
102
36
6
24
6
5
15
5
5
95
2
204
117
6
6
6
714
1240
6
279
1395
26
14
2730
1014
12
516
102
6
543
9
45
27
99
9
126
9
6
12
12
918
42
3
648
2508
658
56
14
11
5
7
372
381
138
492
99
69
246
3
3
12
6
9
6
1152
6
91
35
15
30
55
10
36
7
1352
198
84
566
12
2
12
204
4
88
84
106
474
36
2
3
51
381
1170
297
576
42
459
243
12
57
3
240
64
4
4
32
4
3
8
7
5
19
14
2
40
13
468
161
109
22
362
38
18
34
84
84
66
10
21
8
1470
99
492
270
837
297
576
138
9
6
12
48
16
3744
434
918
33
40
8
3744
10
144
198
32
468
2172
36
12
12
231
208
8
18
1404
50
2
2
2
16
2
42
14
35
18
24
321
434
2730
560
459
248
75
15
430
10
20
10
60
1950
1132
20
32
8
6
3
33
182
52
145
175
775
90
10
1035
2
3
2
18
6
888
6
8
440
1183
49
5
1
2
1
3
6
1085
111
12
4
566
14
2
1950
1185
2
110
30
90
630
10
90
4680
36
4
128
108
4
2
543
837
15
6
2
176
54
8
357
258
1428
4
1990
16
32
90
19
1
20
321
56
495
11
858
22
12
2
310
25
2
48
3
398
4
124
3
1352
16
48
32
4
18
3
9
1
5
2
72
198
594
3
594
345
23
2
2782
236
127
237
3
12
5
60
2340
5
12
381
1170
576
20
30
102
12
36
24
6
26
18
18
15
13
38
18
9
9
14
14
4
6
18
8
4
2
4
12
8
10
2
10
15
22
5
22
283
1
3762
456
1881
27
57
51
6
84
62
5
4
43
42
19
2
234
168
18
54
35
12
360
44
52
324
112
76
4
535
13
19
107
65
13
130
108
32
16
19
45
25
18
48
3
321
74
3
17
60
2370
24
12
14
16
16
10
16
936
4
192
780
126
24
780
10
46
124
238
124
882
91
14
362
92
20
30
86
124
12
138
25
10
21
9
40
1287
13
92
104
462
14
62
18
36
711
504
4
796
780
588
12
57
15
111
682
558
35
140
40
109
10
3
115
5
10
15
5
15
390
105
362
102
14
4
1352
40
1448
1016
8
62
396
1180
1950
370
80
960
50
26
6
8
2
6
480
75
5
8
9
54
107
14
150
108
74
107
9
65
9
16
272
136
40
4
70
175
30
125
2873
1054
26
2
40
1592
676
39
50
102
148
28
36
20
4
32
4
34
156
299
13
91
221
16
360
64
12
496
849
6
21
12
3
20
105
16
566
338
38
254
2
558
70
2
4
345
240
240
14
7
14
14
70
7
24
210
16
25
21
42
2
115
390
5
19
18
88
107
164
192
16
4
1267
434
6
6
6
6
181
18
345
45
177
558
15
283
17
6
181
127
2
13
18
18
29
160
310
396
8
19
150
210
12
16
372
768
198
25
936
8
9
6
68
26
20
30
2
1
468
198
8
12
153
68
1116
768
612
42
1698
42
30
204
54
36
119
1
164
390
279
99
1
7
62
5
107
54
19
36
62
2786
144
348
22
74
54
13
186
16
195
1395
115
1185
1470
230
10
5
473
506
583
33
154
11
22
66
1705
22
66
22
11
74
26
7
214
169
66
8
5
1
3
49
22
507
4
214
18
36
24
43
845
5
5
5
10
10
10
5
30
36
7
6
1170
104
50
32
122
50
20
59
48
18
61
16
15
9
4
1
2
43
63
43
1683
765
192
1224
1415
280
8
254
6
780
6
148
198
24
4
222
306
32
214
6
130
14
56
107
107
3
19
132
276
2808
24
6
30
430
111
108
46
26
66
29
1
88
23
390
430
198
115
45
88
7
2
24
48
198
80
6
1698
1014
48
12
6
18
68
4
676
12
28
32
28
16
24
76
4
12
4
4
20
24
12
28
24
28
1872
57
49
49
1185
1116
21
2
62
10
43
6
21
3
52
12
48
5
109
24
15
396
13
55
105
61
14
74
107
54
25
13
5016
16
8
8
12
12
237
27
75
1
24
54
1116
2
14
17
6
41
16
25
3
216
6
248
936
4
220
8
9
3
3
126
9
15
6
18
3
5
10
5
255
357
315
16
55
9
19
19
2
72
310
20
44
44
4
24
24
16
338
20
2
4
2
2
2
2
6
283
12
32
122
26
4
248
20
13
4
214
130
20
268
136
15
6
169
1
23
19
1
338
1170
6
576
8
162
2
7
1152
176
40
268
48
16
8
36
462
55
105
18
78
90
3
63
125
100
66
75
14
260
305
99
