0.0
0.0
0.0
0.0
0.0
0.0
0.0
0.0
0.0
0.0
0.0
0.0
0.0
0.0
0.0
0.0
0.0
0.0
0.0
0.0
0.0
0.0
0.0
0.0
0.0
0.0
0.0
0.0036363636363636364
0.0
0.0
0.0
0.0
0.0034403669724770644
0.0
0.0
0.0
0.0010504201680672268
0.009334889148191364
0.002347417840375587
0.0
0.0
0.0
0.0014388489208633094
0.0
0.0
0.0
0.0
0.0
0.0
0.0
0.0
0.0
0.0
0.0
0.0
0.0
0.0
0.0
0.0
0.0
0.0
0.0
0.0
0.0
0.0
0.0
0.0
0.000612369871402327
0.0
0.0019286403085824494
0.0
0.0
0.03535353535353535
0.0
0.0
0.0
0.0
0.0
0.0
0.001053740779768177
0.0
0.0
0.0
0.0
0.0
0.0
0.0
0.0
0.0
0.0
0.0
0.0
0.0
0.0
0.0
0.0
0.0
0.0
0.0
0.0
0.0
0.0
0.0
0.0
0.0
0.0
0.02857142857142857
0.0
0.0010582010582010583
0.0
0.0
0.0
0.0
0.0
0.0
0.0
0.0
0.0
0.0
0.001564945226917058
0.0
0.0
0.0
0.0
0.0
0.0
0.0
0.0
0.0
0.004
0.0
0.0
0.0
0.002398081534772182
0.0
0.0
0.0
0.0
0.0
0.0
0.0
0.0
0.0
0.0
0.0
0.0
0.0
0.0
0.0
0.0
0.0
0.0
0.0
0.0
0.0
0.0
0.0
0.0
0.0
0.0
0.0
0.0
0.0
0.0
0.0
0.0
0.0
0.0
0.0
0.0
0.0
0.0
0.0
0.0
0.0
0.0
0.0033003300330033004
0.0
0.0
0.0011655011655011655
0.0
0.0
0.0
0.0
0.0
0.0136986301369863
0.0
0.0
0.0
0.0
0.0
0.0
0.0
0.0
0.0
0.0
0.0
0.0
0.0
0.0
0.0
0.0
0.0
0.0
0.0
0.0
0.0
0.0
0.0
0.0
0.0
0.0
0.0
0.0
0.0
0.0
0.0
0.0
0.0
0.0
0.0
0.0
0.0
0.0
0.0
0.0011961722488038277
0.0
0.0
0.0
0.0
0.0
0.0
0.0
0.021052631578947368
0.0
0.0
0.0
0.0
0.0
0.0
0.0
0.0
0.0
0.0
0.0
0.0
0.0
0.0011933174224343676
0.0
0.0
0.0
0.0
0.0
0.0
0.002932551319648094
0.0
0.0
0.0
0.0
0.0
0.0
0.0
0.0
0.0
0.0
0.0
0.0
0.0
0.000949667616334283
0.004357298474945534
0.0011961722488038277
0.0
0.0
0.0
0.0
0.0
0.0
0.0
0.0
0.0
0.0
0.0
0.0
0.0
0.0
0.0
0.0
0.0
0.0
0.0
0.0013003901170351106
0.0
0.0
0.0
0.0
0.0010822510822510823
0.0012121212121212121
0.0
0.0
0.001148105625717566
0.0
0.0
0.0
0.0
0.0
0.0
0.0
0.0
0.0013003901170351106
0.0
0.0
0.0
0.0
0.0
0.0
0.0
0.0
0.0
0.0
0.0
0.0
0.0
0.0
0.0
0.0
0.002654867256637168
0.0
0.0018018018018018018
0.0
0.0
0.0
0.0
0.0019305019305019305
0.0
0.0
0.0
0.0
0.0
0.0
0.0
0.0
0.0
0.0
0.0
0.0
0.0
0.0
0.0
0.0
0.0
0.0
0.0
0.0
0.0
0.0
0.0
0.0
0.0
0.0
0.0
0.0
0.0035419126328217238
0.0009208103130755065
0.0
0.00546448087431694
0.0
0.0
0.0
0.0
0.0
0.0
0.0
0.0
0.0
0.0017271157167530224
0.0
0.0
0.0
0.0
0.0
0.0
0.0
0.0
0.000946969696969697
0.0
0.0
0.0
0.0
0.0
0.0
0.0
0.0
0.0
0.0
0.0
0.0
0.0
0.0
0.0
0.0
0.0
0.0
0.0
0.0
0.0
0.0
0.0
0.0
0.0
0.0
0.0
0.0
0.001092896174863388
0.0
0.0007513148009015778
0.0
0.0
0.0
0.0
0.0
0.0
0.0
0.0
0.0
0.0
0.0
0.0
0.0
0.0
0.0
0.0
0.022222222222222223
0.0
0.0
0.0
0.0
0.0
0.0
0.0
0.0
0.0
0.0
0.0
0.0
0.0
0.0
0.0
0.0
0.0
0.0
0.0
0.0
0.0
0.0
0.0
0.0
0.0
0.0
0.0
0.0
0.0
0.0
0.0
0.0
0.0
0.0
0.0
0.0011350737797956867
0.0
0.0
0.0
0.0
0.0
0.0
0.0029455081001472753
0.0
0.0
0.0
0.0
0.0020491803278688526
0.0
0.0
0.0
0.0
0.0
0.0011918951132300357
0.0
0.0
0.0
0.0
0.0
0.0
0.0
0.0
0.0
0.0
0.0
0.0
0.0
0.0
0.0
0.0
0.0
0.0
0.0
0.0
0.0
0.0011695906432748538
0.0
0.0
0.0
0.0
0.0
0.0
0.0011862396204033216
0.0
0.0
0.0
0.0
0.0
0.0
0.0
0.0
0.0
0.0
0.0
0.0
0.0
0.0
0.0009208103130755065
0.0
0.0
0.0
0.0
0.0
0.0007326007326007326
0.0
0.0
0.0
0.0011325028312570782
0.0
0.0011037527593818985
0.0
0.0
0.0
0.0
0.0
0.0
0.0
0.0
0.0
0.0
0.0
0.0011933174224343676
0.0
0.0
0.0
0.0
0.0032388663967611335
0.0
0.0
0.0
0.0
0.0
0.0
0.0
0.0
0.0
0.0
0.0
0.0
0.0
0.0022346368715083797
0.0
0.0
0.0
0.0
0.0011890606420927466
0.0
0.0
0.0
0.0
0.0
0.0
0.0
0.0
0.0
0.0
0.0
0.0
0.0
0.0
0.0
0.0
0.0
0.0
0.0
0.0
0.0
0.0
0.0
0.0
0.0
0.000782472613458529
0.0
0.0
0.0
0.0
0.0
0.0
0.0
0.0
0.0
0.0
0.0
0.0
0.0
0.0
0.0011737089201877935
0.0
0.0
0.0
0.0
0.0
0.0
0.0018148820326678765
0.0
0.0011961722488038277
0.0
0.0
0.0
0.0
0.0
0.0
0.0
0.0
0.0
0.0
0.007936507936507936
0.0
0.0
0.0
0.0
0.0
0.0
0.0
0.0
0.0
0.0018975332068311196
0.0
0.0
0.0
0.0
0.0
0.0
0.0
0.0
0.0008620689655172414
0.0
0.0
0.0
0.0
0.0
0.0
0.0
0.0
0.0
0.0
0.002053388090349076
0.013959390862944163
0.0
0.0
0.0
0.0
0.0
0.0
0.0
0.0
0.0
0.0011261261261261261
0.0
0.0017777777777777779
0.0
0.0
0.0
0.0
0.000791765637371338
0.0
0.0
0.0
0.0
0.0
0.0
0.0
0.0
0.0
0.0
0.0
0.0
0.0
0.0
0.0
0.0
0.0
0.0
0.0
0.0
0.0
0.0
0.0
0.0
0.0
0.0
0.0
0.0
0.0
0.0
0.0
0.002398081534772182
0.0
0.0
0.0
0.0
0.0
0.0
0.0
0.0
0.0
0.0
0.0
0.0
0.0
0.0
0.0
0.0
0.004219409282700422
0.0
0.004901960784313725
0.0
0.0
0.0
0.0
0.0
0.0
0.0
0.0
0.0
0.0
0.0
0.0
0.0
0.0
0.0
0.0
0.0
0.0
0.0
0.0
0.0
0.0
0.0
0.0
0.0
0.0
0.0
0.0
0.0
0.0
0.0
0.001184834123222749
0.0
0.0
0.0
0.0
0.0
0.0036540803897685747
0.0
0.0
0.0
0.0
0.0
0.0
0.0010615711252653928
0.0
0.0
0.0
0.0
0.0038240917782026767
0.0
0.0
0.0
0.0
0.0
0.0
0.0
0.0
0.0
0.0
0.0
0.0
0.0
0.0
0.0
0.0
0.0
0.0
0.0
0.0
0.0
0.0
0.0
0.0
0.0
0.0
0.0
0.0
0.0
0.0
0.0
0.0
0.0
0.0
0.0
0.0
0.0
0.0136986301369863
0.0
0.0008064516129032258
0.0
0.0
0.0013605442176870747
0.0
0.0
0.0
0.0
0.0
0.0
0.0007861635220125787
0.0024630541871921183
0.0
0.0
0.0
0.0
0.0
0.0
0.0
0.009615384615384616
0.0
0.0
0.0
0.0
0.0
0.005835156819839533
0.0
0.0
0.0
0.0
0.0
0.0
0.0
0.0
0.0
0.0
0.0
0.0
0.0
0.008264462809917356
0.0
0.0
0.0
0.0
0.0
0.0
0.0
0.0
0.0
0.0
0.0
0.0
0.0
0.0
0.0
0.0
0.0
0.0
0.0
0.0
0.0
0.0
0.0
0.0
0.0
0.007537688442211055
0.0
0.0
0.0
0.0
0.0
0.0
0.0
0.0
0.0
0.0
0.0
0.0
0.0
0.0009813542688910696
0.0
0.0008264462809917355
0.0
0.0
0.0
0.0
0.0
0.0
0.0
0.0
0.0
0.0
0.0
0.0
0.0
0.0021008403361344537
0.0
0.0
0.0
0.0
0.001440922190201729
0.0
0.0
0.0
0.0
0.0
0.03644314868804665
0.0
0.0
0.0
0.0
0.0
0.0
0.0
0.0
0.0
0.0
0.0
0.0
0.0
0.0
0.0
0.0
0.0
0.0
0.0
0.0
0.0
0.0
0.0
0.0
0.0
0.0
0.0011695906432748538
0.0
0.0009794319294809011
0.0
0.001182033096926714
0.0
0.0
0.0
0.0
0.0
0.0
0.0
0.0
0.0
0.0
0.0
0.0
0.0
0.0
0.0
0.0
0.0
0.0
0.0
0.0
0.0
0.0
0.0
0.0
0.0
0.0
0.0
0.0
0.001984126984126984
0.0
0.0
0.00510204081632653
0.0
0.0
0.0
0.0
0.0
0.0
0.0
0.0
0.0
0.0
0.0
0.0
0.0
0.0
0.0
0.0
0.0
0.0
0.0
0.0
0.0
0.0
0.0
0.0
0.0
0.0
0.0
0.0
0.0
0.0014684287812041115
0.0
0.0
0.0
0.0
0.0
0.0
0.0
0.0
0.0
0.0
0.0
0.0
0.0
0.0
0.0
0.0
0.0
0.0
0.0
0.0
0.0
0.0
0.0
0.0
0.0
0.0
0.0
0.0
0.0
0.0
0.0
0.0032967032967032967
0.002067539627842867
0.0
0.0
0.0
0.0
0.0
0.0
0.0
0.0
0.0
0.0
0.0
0.0
0.0
0.0
0.0
0.0
0.0
0.0
0.0011135857461024498
0.0
0.0
0.0
0.0
0.0
0.0
0.0
0.0
0.0
0.0
0.0
0.0
0.0
0.0
0.0
0.0
0.0
0.0011904761904761906
0.0
0.0
0.0
0.0
0.0
0.003067484662576687
0.014218009478672985
0.0
0.0011641443538998836
0.0
0.0
0.0
0.0
0.0
0.0
0.0
0.0010090817356205853
0.0
0.0
0.0011961722488038277
0.0
0.0
0.0
0.0
0.0
0.0012315270935960591
0.0
0.0
0.0
0.0
0.0
0.0
0.0
0.0
0.0
0.000847457627118644
0.0
0.0
0.0
0.0
0.0
0.0
0.0
0.0
0.0
0.0
0.0
0.014705882352941176
0.0
0.0
0.0
0.0
0.0
0.0
0.0
