369.7235920598278
39.207987826735966
3.321928094887363
43.95244264068164
14.187590833240858
18.844336608665333
20.23659350919041
1.4306765580733931
328.5989244118233
538.287889580486
8.415813449117008
4.106758061600458
9.741761212631774
36.42353465742028
2.0082042049338202
7.404360121647711
4.9423594961043475
8.875102489374358
9.267827410303058
255.12094272491558
32.23942730830414
25.371002587292104
0.8725028695491561
5.674976940970524
100.7911711656788
32.23942730830414
6.547601913244034
15.82855488068454
12.496626785797176
7.513734643466133
47.274772381871465
55.589389154551725
17.06120727095724
257.9733496956019
233.39025626145684
5.978304757080396
20.537675549958816
0.9266284080291269
170.50182310796922
90.81037660647003
95.42269736587787
24.668397308293187
12.687949297523994
551.3221308649587
301.3325295793216
2.2117256169675956
15.601516719587785
1328.0047229191055
684.5637644678305
10.54851285335358
49.37155995537407
3.9560612563821502
2.2273163282703052
44.497138256600465
301.3325295793216
1.9960061717468975
0.7966397701969123
257.9733496956019
30.38091899770941
79.61207787837355
10.928791457746739
7.768229246662688
102.20504800563558
4.1722022486149655
1.1073093649624544
3.321928094887363
7.955817292212596
4.282180662676491
35.484479737144916
14.00104329987423
176.87790279000697
3.6619228576730243
369.7235920598278
1328.0047229191055
73.83459384341334
14.68695697792947
4.19180654857877
2.095903274289385
1.285097208938469
9.396493850285989
10.144951258698942
9.920520464106268
3.3810004832278535
29.94235652940075
82.85881692327155
311.8699039001192
69.12485602499515
10.199509908347768
94.11540996392927
43.95244264068164
311.8699039001192
353.25155280105986
24.150911310990917
218.2914830869786
31.871761498844492
163.86849781372857
684.5637644678305
3.1016406055170744
27.79977544545403
25.957467884739874
5.427831369176748
2.892543044486297
1.1073093649624544
174.95750884631371
3.5265798323627777
328.5989244118233
1.285097208938469
8.434371104572458
18.244968769985626
538.287889580486
7.178266366211124
19.626566139410038
218.2914830869786
86.83200224023295
28.741328033388292
4.386507301706778
15.30919488438825
8.67844825506053
11.270881493600557
2.328388275576016
8.76363190717273
3.0916406055170746
2.095903274289385
1.285097208938469
3.321928094887363
80.13629742873339
66.65958425407113
9.528796930823441
1.7769025617567298
452.06559612043264
4.502329644384989
138.92187080919092
255.12094272491558
43.95167158950388
50.400816144513456
55.69446005867404
3.5265798323627777
11.918197829509488
11.132166037965035
3.4444532442501723
203.13113052352284
44.62986202994118
86.29899300620761
328.5989244118233
28.831122704054664
11.89763417169287
125.43637620609722
7.632450099101657
353.25155280105986
1.285097208938469
8.739759464064111
138.92187080919092
3.3388162047171788
16.609640474436816
12.603439715601157
19.165258265721754
301.3325295793216
8.136747053765122
63.96298982729545
1328.0047229191055
3.3810004832278535
26.359892610321157
93.75158731480717
23.607632927320104
55.69446005867404
18.37939738181963
95.6183042788517
4.3105220042142935
2.8050620688956602
93.75158731480717
73.36320794397592
369.7235920598278
36.62694770392801
120.47416585905387
0.8304820237218408
2.7642232888869693
95.6183042788517
31.44936234357258
59.77994270656509
13.22806931225442
28.312967360564713
10.845662738353496
4.24855650291649
2.5875924554728087
301.3325295793216
2.157600078487625
328.5989244118233
1328.0047229191055
6.68851741979724
35.51516204041828
7.900759819407474
130.1410781210913
2.4683918713934077
99.62764129585292
9.797711101208803
8.272090079075367
1.0
25.89543664229864
91.35629373337581
209.6141658216151
5.041964530671535
209.6141658216151
255.12094272491558
11.579560844730159
117.2030208516999
49.54269706244757
29.611613492253305
55.778602098332
255.12094272491558
17.272717090856144
5.427831369176747
55.69446005867404
4.9638947819531865
4.841287548798637
40.81923140258101
452.06559612043264
7.777744108759309
13.706500002274245
0.9266284080291269
15.82855488068454
74.17303292315457
163.86849781372857
25.89543664229864
174.95750884631371
203.13113052352284
40.162605385292956
125.43637620609722
209.6141658216151
28.563135760478126
5.9189864062637
129.4596790952551
1.0
684.5637644678305
10.943290993384483
16.614004722541942
7.016829915322626
551.3221308649587
8.46824935875699
40.162605385292956
1.285097208938469
684.5637644678305
5.627992769869083
9.277827410303058
43.144574064324516
301.3325295793216
3.7846718866334634
9.359629956786588
115.52267709718032
22.429922902954267
9.703401652330712
3.376339912720709
94.11540996392927
66.28626816333212
2.4996246634679093
4.982892142331044
6.417831369176748
4.357061856084619
18.725543748726203
1.8522312247358013
424.93425966102495
117.81545810963915
7.074304703434873
2.892543044486297
99.2093059496873
1.1832946624549385
5.146268220419113
3.902543044486297
163.86849781372857
14.00104329987423
2.095903274289385
4.1293559188370885
5.544774463050757
1.4306765580733931
4.725455419984084
9.92305412651905
2.993614991792008
20.824933309389415
19.6943375088143
2.9745800451738194
36.394230315957415
6.663856189774726
8.261982186851963
86.83200224023295
684.5637644678305
1.285097208938469
538.287889580486
369.7235920598278
257.9733496956019
49.465040192229516
174.95750884631371
56.4371169494017
174.95750884631371
20.23659350919041
234.05009362628024
35.51516204041828
93.75158731480717
15.75585761361739
5.375101211033709
17.415305510870866
44.62986202994118
55.69446005867404
2.290604027417393
20.081631329520143
4.564295145682792
13.347838741632275
3.3186660251210105
11.31824592115388
31.343580061196732
143.34434789880322
1.285097208938469
174.95750884631371
209.6141658216151
103.26346041786636
29.705155156959922
424.93425966102495
30.90223141502074
34.81151932613275
452.06559612043264
369.7235920598278
8.67844825506053
452.06559612043264
11.555676832424929
1328.0047229191055
311.8699039001192
3.3909291258625207
1.0479516371446924
6.815826784759695
55.69446005867404
8.875102489374358
369.7235920598278
1.285097208938469
176.87790279000697
16.614004722541942
9.013798956763615
99.37101429335841
7.698665909342907
74.44305258152866
551.3221308649587
10.94907985783374
424.93425966102495
27.949314827976504
91.35629373337581
218.2914830869786
9.366899798643548
311.8699039001192
95.6183042788517
11.579560844730159
28.883648304077944
8.376655324635967
42.68863137725886
77.50329702444124
11.671591059224458
6.586959736477683
2.430676558073393
1.6609640474436815
3.9460612563821504
0.9266284080291269
565.8743185828232
68.40835450399724
2.9263852980112257
1328.0047229191055
12.355706223099315
93.75158731480717
565.8743185828232
48.73679128434656
0.768621786840241
14.640174016041245
0.744921859773347
5.507836462863912
1.285097208938469
51.4937064244946
5.6224831066521626
0.8725028695491561
311.8699039001192
9.501012286985347
6.166386593752589
3.3910004832278533
209.6141658216151
16.868554880684542
25.32260206010254
34.81151932613275
2.1832946624549385
5.375647090666073
3.5265798323627777
86.29899300620761
14.061761905113988
0.8977117175026231
1.4406765580733931
6.935899315415695
4.429237459849817
2.4683918713934077
55.19525816305602
8.192962864006372
1.6093512794888714
0.9266284080291269
7.407543244116454
23.120703585105343
1.285097208938469
174.95750884631371
19.673043822345335
11.085944468593272
369.7235920598278
369.7235920598278
16.48156729098353
1.0
13.814199915712353
50.64015872863909
0.8977117175026231
7.468378419972618
8.247923783921363
2.613971220528332
538.287889580486
1328.0047229191055
1.6609640474436815
8.946155687521898
1.0
174.95750884631371
5.893169157272656
2.030019068711816
8.245177169923375
23.364967799359356
8.678536975926958
44.62986202994118
3.321928094887363
7.5588686421036595
30.90223141502074
170.50182310796922
1.1832946624549385
23.120703585105343
3.0916406055170746
5.4178313691767475
11.671591059224458
9.92305412651905
12.453896627654137
47.274772381871465
1.4306765580733931
234.05009362628024
8.710745470768046
18.70341194079997
328.5989244118233
170.50182310796922
5.56727787161496
10.633282182072877
1.1073093649624544
5.476903757517238
90.88420688803376
257.9733496956019
20.4142561170404
0.7153382790366966
13.672812202121674
4.176909654246947
369.7235920598278
551.3221308649587
10.304246772680841
311.8699039001192
28.007100522059517
114.37722664449741
6.406425278503678
33.06505616129943
2.932011132862984
21.478730958943977
4.982892142331044
43.95244264068164
61.294785074232
27.09364481004463
11.897978623603315
15.897587790690167
353.25155280105986
30.533651465205587
369.7235920598278
257.9733496956019
0.8725028695491561
15.896593915080228
0.768621786840241
10.995784284662088
113.62160343406744
14.68695697792947
136.979496768144
0.8725028695491561
1.4306765580733931
129.4596790952551
8.853243670237946
10.277637494876554
6.267989351269513
4.053370621344604
1.0479516371446924
60.79774126970819
3.3810004832278535
7.691807826919419
6.0309775333643865
38.16388869531781
3.821605683935914
538.287889580486
118.7915130074775
1.1832946624549385
1.8304820237218409
50.400816144513456
1.0479516371446924
6.44602987950927
452.06559612043264
11.58401817396273
4.429237459849817
6.721085883555508
11.396460842735483
36.394230315957415
20.857217361793783
9.16305058181077
25.043253571594352
4.129841047280966
6.221506669051014
1328.0047229191055
353.25155280105986
3.188315744920016
15.299306204960747
19.352108967105647
7.875435186817342
16.576910316293777
538.287889580486
2.095903274289385
25.36882410798584
11.380513530006054
0.8725028695491561
15.490331998134009
16.524944814995973
79.61207787837355
82.12911518820623
4.501960687575949
1.8445914073416048
1.1832946624549385
6.815826784759695
1.1832946624549385
424.93425966102495
5.501159877536597
9.616781339656278
4.607025303825832
1.9300208742544134
2.095903274289385
4.008920587416209
1328.0047229191055
5.786886390444883
24.351127236789925
102.20504800563558
1.6609640474436815
25.89543664229864
6.328447077204428
22.030724872956814
1.285097208938469
1328.0047229191055
1.9799344326518509
1.0
1.0
301.3325295793216
6.522425068435755
10.481201990521352
117.2030208516999
369.7235920598278
0.8404820237218408
1.0479516371446924
684.5637644678305
27.10036398594461
538.287889580486
5.041964530671535
118.7915130074775
0.9602525677891276
0.8304820237218408
10.70938839574757
5.782918313770335
4.811677041301246
328.5989244118233
8.74975946406411
0.8502741537276027
58.509924480015954
6.828750920793427
684.5637644678305
369.7235920598278
6.472889893364128
20.868068781614394
257.9733496956019
4.19180654857877
30.893780655414446
2.9605661810207082
0.7966397701969123
72.15785291540915
5.4178313691767475
4.386507301706778
143.34434789880322
93.75158731480717
8.187912250869928
36.9878298913494
36.62694770392801
8.625294317372033
11.507747536992975
0.7343611355735556
2.613971220528332
7.9161355227657575
1328.0047229191055
1.1832946624549385
6.653856189774726
565.8743185828232
50.84539032026252
684.5637644678305
29.08815015481528
5.378149599729911
3.661922857673024
4.9125534371487785
3.0916406055170746
5.1875438798064595
353.25155280105986
31.47700996991658
2.1159032742893844
14.143424538086855
7.053159664725556
9.277827410303058
21.929591799696563
4.61814605502163
73.83459384341334
3.906313824171278
3.003614991792008
29.329886614387583
1.4406765580733931
117.81545810963915
4.725455419984085
14.382242570716274
4.550128850528789
2.4058859072170287
5.742536654420397
4.709874494817717
2.095903274289385
538.287889580486
6.653856189774726
19.866405921769108
8.440363051495261
29.752716306978595
0.9602525677891276
48.246935937042835
2.3330488460831615
11.841400069581185
311.8699039001192
1328.0047229191055
5.821677041301246
3.331928094887363
3.2055517156323172
21.547055288318568
49.147424786630864
30.893780655414446
2.2850972089384687
551.3221308649587
3.321928094887363
538.287889580486
2.715773767011862
54.44980036022968
176.87790279000697
8.067428329140952
44.156079628890666
55.19525816305602
129.4596790952551
114.37722664449741
17.68534043245203
2.0557975320040947
0.9602525677891276
13.65358729061466
1.9205051355782552
60.79774126970819
17.68534043245203
28.741328033388292
10.180436022137505
7.71984148726721
2.3924065739009235
136.979496768144
218.2914830869786
25.444278473525497
43.58277249972257
33.762499539283645
7.867730910576041
26.69858186714316
11.459795899848285
2.1552610021071468
6.123456646642944
9.013798956763615
2.84425870989862
22.030724872956814
234.05009362628024
6.030843779475736
2.1073093649624544
10.70938839574757
10.93305412651905
26.359892610321157
369.7235920598278
3.3419280948873626
16.576910316293777
2.9560612563821502
255.12094272491558
9.00758435305911
24.68673864983099
2.4683918713934077
176.87790279000697
328.5989244118233
452.06559612043264
11.01373592180678
11.360522838583346
7.478147907223852
2.328388275576016
4.091640605517075
5.699135591487853
0.9266284080291269
1.1073093649624544
234.05009362628024
23.407767257309896
257.9733496956019
25.06677799102379
0.8304820237218408
10.170482287323914
5.267591449534679
353.25155280105986
31.95176149884449
51.754355149649676
5.6224831066521626
129.4596790952551
3.7568673217330666
29.98735285398627
328.5989244118233
255.12094272491558
36.38550099707248
1.1073093649624544
203.13113052352284
2.0557975320040947
43.95244264068164
3.5265798323627777
328.5989244118233
2.366589324909877
452.06559612043264
6.021521329879834
0.8502741537276027
115.52267709718032
176.87790279000697
13.330918503246302
13.347838741632275
12.484913013934097
8.072602059096145
2.202808926441092
114.37722664449741
63.063204588377296
1.4306765580733931
3.341928094887363
3.1438549114340772
63.063204588377296
3.203212639251839
23.407767257309896
1.6609640474436815
5.396402306567944
301.3325295793216
99.37101429335841
23.607632927320104
129.4596790952551
5.807414372528936
11.045194088742173
102.20504800563558
9.985784284662088
1.4306765580733931
18.532731047468157
7.481004485323093
188.5331246503876
1.1832946624549385
0.9602525677891276
3.5379859230358477
12.306986662296293
90.88420688803376
8.03180258970508
1.4306765580733931
424.93425966102495
12.49359750686215
51.444340397499346
29.91168056723332
8.739759464064111
163.86849781372857
0.8725028695491561
9.570241487785953
233.39025626145684
3.7027737863982835
16.883128276428042
47.274772381871465
1.4306765580733931
74.06384847276837
47.274772381871465
46.15422360895375
203.13113052352284
20.195292695140083
2.1059032742893846
77.7783863166628
5.1875438798064595
27.10036398594461
117.81545810963915
163.86849781372857
538.287889580486
1328.0047229191055
60.79774126970819
233.39025626145684
14.006998487427925
14.347977044994728
0.8725028695491561
46.122111005573196
0.8304820237218408
11.671591059224458
12.484913013934097
3.030019068711816
0.9266284080291269
19.417828995847653
17.377376215438915
44.497138256600465
233.39025626145684
1328.0047229191055
44.156079628890666
22.28781772802828
66.28626816333212
8.296072595153351
424.93425966102495
328.5989244118233
114.37722664449741
3.321928094887363
1.1073093649624544
52.386160762413105
26.092816983277714
4.118567865084275
23.120703585105343
115.52267709718032
14.006998487427925
255.12094272491558
1.0479516371446924
1.8304820237218409
3.5302493085870994
174.95750884631371
3.7027737863982835
66.28626816333212
30.204257599530486
3.293301413872289
255.12094272491558
3.7568673217330666
5.6224831066521626
33.41091137765283
3.5265798323627777
7.342804881913606
26.254326975343123
565.8743185828232
17.991601576874686
3.3910004832278537
8.186104781582882
7.25235359937464
122.27782954130957
55.69446005867404
5.708783771028246
174.95750884631371
0.7563041955164012
257.9733496956019
301.3325295793216
2.095903274289385
1.4306765580733931
66.65958425407113
233.39025626145684
12.94818777124169
5.112662686398331
3.5660479207394644
102.20504800563558
2.84425870989862
18.844336608665333
19.393379958779363
122.27782954130957
565.8743185828232
27.10036398594461
72.15785291540915
7.812435454994013
3.289197936744323
4.4152566032472125
51.754355149649676
0.8502741537276027
52.40300875029418
2.0557975320040947
6.166186804785983
311.8699039001192
12.603439715601157
9.58925876272556
1.6322856368271434
6.643856189774726
5.434458938851471
29.98735285398627
369.7235920598278
66.65958425407113
51.444340397499346
18.004910006231412
90.88420688803376
3.2422973435758817
0.7563041955164012
7.875435186817342
25.371002587292104
12.612163788998116
102.20504800563558
95.6183042788517
49.54269706244757
7.980223262123766
86.29899300620761
4.166436243680803
13.340203346075615
25.692196452657324
2.2850972089384687
10.199509908347768
59.77994270656509
3.9998524094487515
257.9733496956019
8.837785867411617
7.570484597803853
20.869330620699394
7.689808715579067
684.5637644678305
4.2018065485787695
4.376853986090381
31.291113688949714
8.79975946406411
1.6769924925288455
3.321928094887363
29.08815015481528
7.513734643466132
8.839230413654805
1.7086398911286675
8.373892625558899
94.11540996392927
90.88420688803376
125.43637620609722
11.250881493600557
53.61909083538107
118.7915130074775
1.1073093649624544
684.5637644678305
3.5212512024274654
551.3221308649587
4.68877854798439
28.563135760478126
1.285097208938469
6.643856189774726
118.35789175068648
1.1073093649624544
56.93611318996701
1.4306765580733931
1.0479516371446924
24.351127236789925
3.290604027417393
2.613971220528332
74.44305258152866
207.77206173780607
3.321928094887363
3.7157737670118616
1328.0047229191055
1328.0047229191055
0.7067270923753284
1.1073093649624544
4.889222101965628
61.76451165607606
7.055306671870522
353.25155280105986
2.095903274289385
94.11540996392927
34.57505732116999
60.79774126970819
8.413574395005735
2.290604027417393
538.287889580486
125.43637620609722
36.10412710422598
16.540659966749256
424.93425966102495
28.73429783326046
1.1073093649624544
1.0479516371446924
1.4506765580733931
0.768621786840241
95.42269736587787
74.44305258152866
36.38550099707248
23.21399704065692
1.6609640474436815
55.90811256143515
369.7235920598278
25.768703413451753
69.12485602499515
203.13113052352284
29.705155156959922
36.38550099707248
79.61207787837355
0.7966397701969123
311.8699039001192
684.5637644678305
113.62160343406744
122.27782954130957
3.321928094887363
353.25155280105986
91.35629373337581
452.06559612043264
106.52558719124264
19.479506343856887
26.359892610321157
2.4786281952180858
20.824933309389415
369.7235920598278
3.028406143838541
1.0479516371446924
0.9602525677891276
23.607632927320104
13.103708404778788
5.955899315415694
3.3810004832278535
2.613971220528332
17.01702070729828
174.95750884631371
12.687949297523994
1.7104232267945823
3.1438549114340772
3.440358211045616
44.497138256600465
22.525051134101062
20.938770076500575
4.982892142331044
30.14200459146168
12.315460700419973
4.5223171635904675
5.757826131962409
207.77206173780607
311.8699039001192
234.05009362628024
32.54698821506048
2.8722917626764426
565.8743185828232
3.4334424597506277
25.504408608681306
43.003296766864345
26.20171410442032
4.613485484514485
17.415305510870866
8.067428329140952
117.81545810963915
207.77206173780607
31.937795811989567
4.429237459849817
311.8699039001192
1.4306765580733931
538.287889580486
14.68695697792947
8.377608790405874
170.50182310796922
176.87790279000697
5.041964530671535
0.812711509291959
38.16388869531781
73.36320794397592
10.277637494876554
255.12094272491558
25.000387201864196
0.8725028695491561
120.47416585905387
0.7153382790366966
53.25097225234989
2.84425870989862
2.095903274289385
40.09647013820333
4.607025303825832
551.3221308649587
328.5989244118233
48.246935937042835
27.113854638283243
50.64015872863909
218.2914830869786
7.315749478859033
6.114172287835586
117.2030208516999
6.683856189774726
50.400816144513456
0.7563041955164012
1.6609640474436815
38.99500304417068
77.50329702444124
5.970161984188005
54.44980036022968
1328.0047229191055
301.3325295793216
551.3221308649587
170.50182310796922
11.671591059224458
59.77994270656509
6.712857220749884
90.88420688803376
3.0758318004494374
2.621216615232809
23.563921661451747
1.285097208938469
14.00104329987423
72.15785291540915
25.768703413451753
82.12911518820623
0.768621786840241
565.8743185828232
11.555676832424929
93.75158731480717
5.179322136913835
40.53568896140897
328.5989244118233
9.168592398426542
49.539353610426005
565.8743185828232
118.35789175068648
2.1259032742893846
551.3221308649587
1.4306765580733931
17.272717090856144
163.86849781372857
5.636502902846843
19.755687632181083
255.12094272491558
33.18720952042828
4.756587977898881
3.0916406055170746
1.6609640474436815
55.61360875981908
36.9878298913494
209.6141658216151
16.48156729098353
63.96298982729545
40.44686922543318
29.611486015481063
2.2273163282703052
49.147424786630864
12.117381705890773
122.27782954130957
60.79774126970819
138.92187080919092
8.858507927250141
5.359335269701061
19.6943375088143
16.883128276428042
6.712928578115216
3.9713602048668366
24.668397308293187
1.0479516371446924
1.6609640474436815
4.659843231718669
0.6769924925288455
209.6141658216151
551.3221308649587
26.058063291162533
49.539353610426005
565.8743185828232
369.7235920598278
1.4952741949600408
6.643856189774726
1.6609640474436815
1.889320848061995
