0.0009389671361502347
0.036564625850340135
0.0
0.006416131989000917
0.007366482504604052
0.004694835680751174
0.0091324200913242
0.007518796992481203
0.0
0.0
0.0
0.007042253521126761
0.0
0.0
0.0
0.0
0.24242424242424243
0.035453597497393116
0.07903225806451612
0.0
0.00975609756097561
0.0009861932938856016
0.0019821605550049554
0.0
0.03896103896103896
0.09102646868947709
0.005761316872427984
0.001183431952662722
0.0
0.0
0.0
0.02564102564102564
0.09523809523809523
0.041666666666666664
0.012195121951219513
0.006557377049180328
0.00089126559714795
0.029329608938547486
0.06896551724137931
0.07142857142857142
0.006060606060606061
0.018404907975460124
0.0
0.005988023952095809
0.02040816326530612
0.01639344262295082
0.08333333333333333
0.032388663967611336
0.03571428571428571
0.05466472303206997
0.0009372071227741331
0.008051529790660225
0.007911392405063292
0.0
0.029411764705882353
0.0
0.0
0.0
0.0
0.0
0.0
0.003616636528028933
0.0022522522522522522
0.006802721088435374
0.0
0.02857142857142857
0.09027777777777778
0.009708737864077669
0.013157894736842105
0.007042253521126761
0.0
0.043478260869565216
0.09090909090909091
0.0
0.0
0.0
0.004550625711035267
0.0019665683382497543
0.0029498525073746312
0.0
0.0009541984732824427
0.0031746031746031746
0.03
0.0125
0.08034321372854915
0.0
0.2
0.01929824561403509
0.0
0.0
0.0037105751391465678
0.021621621621621623
0.0
0.0
0.05555555555555555
0.0
0.0
0.0008841732979664014
0.0
0.0
0.0
0.0
0.0
0.0
0.0
0.0
0.0
0.0
0.0
0.017094017094017096
0.0
0.0011350737797956867
0.027502750275027504
0.0011350737797956867
0.0022675736961451248
0.004519774011299435
0.0
0.0
0.06278026905829596
0.0
0.017167381974248927
0.0211864406779661
0.0
0.0049504950495049506
0.029411764705882353
0.0
0.0
0.03333333333333333
0.045454545454545456
0.011560693641618497
0.0
0.021570319240724764
0.016293279022403257
0.05688622754491018
0.05263157894736842
0.0
0.01694915254237288
0.0061162079510703364
0.003048780487804878
0.0
0.0
0.07547169811320754
0.010416666666666666
0.0
0.0
0.0
0.010638297872340425
0.003115264797507788
0.01529051987767584
0.00949367088607595
0.006024096385542169
0.012658227848101266
0.0031746031746031746
0.013736263736263736
0.07142857142857142
0.01762114537444934
0.008658008658008658
0.017857142857142856
0.0
0.011363636363636364
0.02
0.0
0.0
0.0509683995922528
0.0
0.0
0.07692307692307693
0.0
0.0024390243902439024
0.09581646423751687
0.0
0.027314112291350532
0.007776049766718507
0.0
0.0
0.00315955766192733
0.0
0.0
0.002331002331002331
0.0
0.00234192037470726
0.006772009029345372
0.0
0.023166023166023165
0.024539877300613498
0.0
0.0
0.0
0.006535947712418301
0.015570934256055362
0.0
0.015625
0.06296296296296296
0.0
0.0015923566878980893
0.020634920634920634
0.04472843450479233
0.0008771929824561404
0.013234077750206782
0.004344048653344918
0.0
0.004830917874396135
0.0
0.024390243902439025
0.02857142857142857
0.01694915254237288
0.0
0.0
0.034482758620689655
0.0
0.0
0.03333333333333333
0.06308100929614874
0.0
0.0
0.02702702702702703
0.03937653814602133
0.00816326530612245
0.0031847133757961785
0.0
0.0
0.0
0.0
0.004016064257028112
0.08541973490427099
0.0496
0.09014084507042254
0.006259780907668232
0.003169572107765452
0.06790123456790123
0.0
0.0
0.0
0.0016366612111292963
0.0
0.0
0.07413376309427881
0.0
0.0045662100456621
0.0
0.07692307692307693
0.0
0.1
0.0
0.0
0.0
0.018691588785046728
0.013636363636363636
0.0
0.007017543859649123
0.0
0.0
0.0
0.031936127744510975
0.002145922746781116
0.00411522633744856
0.01991150442477876
0.017241379310344827
0.05466237942122187
0.011363636363636364
0.0
0.0
0.010752688172043012
0.029239766081871343
0.018561484918793503
0.006802721088435374
0.016877637130801686
0.03278688524590164
0.030612244897959183
0.012077294685990338
0.002932551319648094
0.005633802816901409
0.0
0.017804154302670624
0.001990049751243781
0.0
0.0
0.0
0.0
0.0
0.0
0.0
0.0
0.0
0.0
0.0
0.0
0.0
0.0
0.012130401819560273
0.0
0.0
0.05238828967642527
0.007736943907156673
0.003929273084479371
0.009727626459143969
0.0
0.011494252873563218
0.025974025974025976
0.0
0.0
0.0
0.04795918367346939
0.05263157894736842
0.09433962264150944
0.04789053591790194
0.12259371833839919
0.07531865585168018
0.11951754385964912
0.03502626970227671
0.003663003663003663
0.0018315018315018315
0.0018248175182481751
0.006024096385542169
0.006097560975609756
0.06989247311827956
0.001763668430335097
0.08023774145616643
0.002
0.0043859649122807015
0.002207505518763797
0.07971864009378664
0.0
0.0
0.0
0.0
0.032432432432432434
0.1277602523659306
0.003738317757009346
0.0
0.0017226528854435831
0.049164208456243856
0.011503067484662576
0.007407407407407408
0.05
0.0
0.02666666666666667
0.0
0.0
0.0
0.0
0.0
0.0
0.05263157894736842
0.0
0.0
0.015503875968992248
0.09210526315789473
0.001218026796589525
0.0625
0.007194244604316547
0.11020408163265306
0.0
0.009384775808133473
0.0010471204188481676
0.016634050880626222
0.0
0.0010460251046025104
0.0010482180293501049
0.0031185031185031187
0.03100088573959256
0.03451776649746193
0.0
0.0013458950201884253
0.0
0.0
0.0
0.0
0.002254791431792559
0.0011325028312570782
0.014285714285714285
0.0
0.08306709265175719
0.004975124378109453
0.0
0.00881057268722467
0.0
0.0
0.0
0.0
0.0
0.03428571428571429
0.034482758620689655
0.03333333333333333
0.0049504950495049506
0.02626970227670753
0.005847953216374269
0.0
0.0
0.0
0.0
0.0
0.0
0.005263157894736842
0.0
0.002109704641350211
0.0
0.04299583911234397
0.0
0.0
0.03587443946188341
0.03
0.0
0.0
0.020833333333333332
0.0
0.05825242718446602
0.0
0.018518518518518517
0.001949317738791423
0.0007304601899196494
0.012422360248447204
0.0
0.0
0.0
0.0
0.13556851311953352
0.13748378728923477
0.0
0.0
0.0
0.030303030303030304
0.03488372093023256
0.0
0.0
0.005592841163310962
0.0211864406779661
0.0
0.06158833063209076
0.0007072135785007072
0.0
0.0
0.0
0.0
0.023809523809523808
0.06832298136645963
0.0
0.004878048780487805
0.0
0.004201680672268907
0.0016666666666666668
0.004166666666666667
0.0023148148148148147
0.01606425702811245
0.015544041450777202
0.0
0.0066815144766146995
0.0
0.03338391502276176
0.0
0.11688311688311688
0.0
0.00423728813559322
0.0
0.0010869565217391304
0.0010893246187363835
0.0
0.05263157894736842
0.0
0.1
0.0
0.0
0.3333333333333333
0.008264462809917356
0.0
0.012711864406779662
0.0
0.014760147601476014
0.0
0.05128205128205128
0.0
0.020594965675057208
0.0
0.0
0.0
0.0
0.0063025210084033615
0.001183431952662722
0.00351288056206089
0.051240992794235385
0.0
0.00117096018735363
0.032989690721649485
0.050664451827242524
0.03491755577109602
0.004750593824228029
0.007100591715976331
0.012557077625570776
0.002380952380952381
0.0011723329425556857
0.002364066193853428
0.0
0.0
0.0
0.0
0.027777777777777776
0.0
0.01282051282051282
0.0
0.0
0.06666666666666667
0.058823529411764705
0.058823529411764705
0.0
0.07692307692307693
0.05263157894736842
0.0
0.0
0.09090909090909091
0.0
0.0
0.0
0.0
0.0
0.0
0.002386634844868735
0.0
0.0
0.0
0.0
0.0
0.001834862385321101
0.005405405405405406
0.04929577464788732
0.002793296089385475
0.002717391304347826
0.008241758241758242
0.0
0.0
0.0
0.0
0.0
0.02040816326530612
0.0
0.0
0.0
0.023832221163012392
0.00949667616334283
0.0009643201542912247
0.007722007722007722
0.011194029850746268
0.0
0.07526881720430108
0.012618296529968454
0.01892744479495268
0.06830601092896176
0.021148036253776436
0.018575851393188854
0.0
0.02536997885835095
0.02702702702702703
0.047619047619047616
0.03164556962025317
0.008333333333333333
0.0
0.0
0.03125
0.0010893246187363835
0.0125
0.012048192771084338
0.028037383177570093
0.022727272727272728
0.0
0.02142857142857143
0.0
0.058823529411764705
0.010869565217391304
0.0
0.025
0.002197802197802198
0.0071090047393364926
0.0
0.0
0.11764705882352941
0.25
0.1111111111111111
0.13333333333333333
0.0
0.0020876826722338203
0.0
0.0
0.0
0.0
0.0
0.0
0.0
0.0
0.004366812227074236
0.014945652173913044
0.0
0.0028089887640449437
0.0038240917782026767
0.001953125
0.03619909502262444
0.0072992700729927005
0.001941747572815534
0.011650485436893204
0.003656307129798903
0.0
0.0
0.0
0.010309278350515464
0.0
0.0
0.0
0.0
0.031496062992125984
0.0006788866259334691
0.020618556701030927
0.01694915254237288
0.012755102040816327
0.0
0.0
0.0009596928982725527
0.0
0.055636896046852125
0.025078369905956112
0.0
0.07961783439490445
0.09836065573770492
0.03985507246376811
0.0
0.010683760683760684
0.00437636761487965
0.022916666666666665
0.005733005733005733
0.011933174224343675
0.006880733944954129
0.00967741935483871
0.0
0.008746355685131196
0.0
0.0
0.0
0.0
0.0
0.03260869565217391
0.0
0.0
0.005917159763313609
0.0
0.005934718100890208
0.012557077625570776
0.0011876484560570072
0.0
0.05748663101604278
0.0
0.057971014492753624
0.053445850914205346
0.0
0.0
0.004201680672268907
0.06695778748180495
0.11572327044025157
0.045787545787545784
0.007858546168958742
0.1024
0.009183673469387756
0.0041109969167523125
0.0010351966873706005
0.002070393374741201
0.0
0.0
0.0
0.06060606060606061
0.0
0.0
0.0
0.02586206896551724
0.029940119760479042
0.0
0.0234375
0.0
0.04065040650406504
0.06622516556291391
0.0
0.02586206896551724
0.016129032258064516
0.0009345794392523365
0.006386861313868613
0.006593406593406593
0.0024449877750611247
0.0
0.0149812734082397
0.021778584392014518
0.005649717514124294
0.01841620626151013
0.0035335689045936395
0.0061068702290076335
0.024390243902439025
0.0
0.0625
0.0024752475247524753
0.005714285714285714
0.0
0.003527336860670194
0.024390243902439025
0.014492753623188406
0.00558659217877095
0.0055248618784530384
0.0
0.0
0.0
0.0
0.006688963210702341
0.0
0.0057361376673040155
0.0
0.0
0.0
0.0008319467554076539
0.016561514195583597
0.0
0.0008326394671107411
0.006006006006006006
0.0
0.0
0.0
0.0
0.0
0.0021231422505307855
0.0020491803278688526
0.0
0.07290729072907291
0.044573643410852716
0.005417118093174431
0.0
0.0
0.013651877133105802
0.0
0.0011001100110011
0.001098901098901099
0.0
0.030534351145038167
0.08839779005524862
0.0
0.0
0.0
0.0011160714285714285
0.005555555555555556
0.0
0.0
0.012219959266802444
0.0
0.0
0.020833333333333332
0.014492753623188406
0.0
0.0
0.0
0.0
0.0
0.043478260869565216
0.0
0.006993006993006993
0.02030456852791878
0.04090909090909091
0.0
0.0
0.11842105263157894
0.0
0.0006775067750677507
0.0006775067750677507
0.0
0.0013559322033898306
0.0
0.0
0.008379888268156424
0.0
0.030405405405405407
0.015527950310559006
0.0
0.003424657534246575
0.0
0.0024937655860349127
0.0
0.0
0.0
0.0
0.0
0.0
0.0
0.010526315789473684
0.0035945363048166786
0.0
0.0
0.0
0.003694581280788177
0.0036855036855036856
0.0
0.0008460236886632825
0.0044585987261146496
0.009950248756218905
0.0
0.0018214936247723133
0.07244318181818182
0.0
0.017857142857142856
0.0
0.004415011037527594
0.0011261261261261261
0.0011299435028248588
0.002105263157894737
0.0
0.0
0.001890359168241966
0.0
0.2222222222222222
0.009259259259259259
0.0
0.011904761904761904
0.015584415584415584
0.0
0.003787878787878788
0.00980392156862745
0.024518388791593695
0.006514657980456026
0.0032679738562091504
0.009009009009009009
0.00974025974025974
0.003257328990228013
0.0
0.0
0.03776683087027915
0.06716417910447761
0.07327586206896551
0.038461538461538464
0.0
0.075
0.030927835051546393
0.0
0.029940119760479042
0.02586206896551724
0.023809523809523808
0.0
0.0033519553072625698
0.0034423407917383822
0.006134969325153374
0.007920792079207921
0.025
0.0449438202247191
0.0
0.0
0.0037105751391465678
0.05
0.0
0.010526315789473684
0.005893909626719057
0.019662921348314606
0.01953125
0.037383177570093455
0.0
0.015384615384615385
0.020833333333333332
0.015873015873015872
0.02050473186119874
0.0
0.009966777408637873
0.0016835016835016834
0.0
0.0
0.038834951456310676
0.0016806722689075631
0.001669449081803005
0.0016806722689075631
0.0016835016835016834
0.02197802197802198
0.0
0.0
0.0425531914893617
0.0
0.0
0.0
0.0
0.0
0.0
0.0
0.012048192771084338
0.0053475935828877
0.0
0.03278688524590164
0.02247191011235955
0.0
0.012195121951219513
0.015384615384615385
0.0034782608695652175
0.0
0.0
0.0
0.0024449877750611247
0.0024449877750611247
0.0
0.16666666666666666
0.0
0.000970873786407767
0.0
0.07142857142857142
0.06870229007633588
0.0
0.0
0.0
0.004694835680751174
0.005649717514124294
0.0
0.003389830508474576
0.0
0.0
0.0
0.0
0.0
0.0
0.0
0.0
0.0
0.17045454545454544
0.24242424242424243
0.17045454545454544
0.09098428453267163
0.12579617834394904
0.045871559633027525
0.10526315789473684
0.07328385899814471
0.0021551724137931034
0.0
0.059654631083202514
0.0
0.09069767441860466
0.0036429872495446266
0.029801324503311258
0.05546492659053834
0.0035842293906810036
0.0
0.03779527559055118
0.05572289156626506
0.0
0.015151515151515152
0.0
0.045454545454545456
0.0
0.0
0.015503875968992248
0.0
0.09090909090909091
0.037037037037037035
0.010676156583629894
0.02422145328719723
0.09032258064516129
0.0
0.0
0.0
0.0
0.0
0.00641025641025641
0.06349206349206349
0.022598870056497175
0.018433179723502304
0.00546448087431694
0.0
0.009615384615384616
0.0
0.0
0.012290502793296089
0.0
0.0
0.0022988505747126436
0.0
0.016129032258064516
0.0
0.007042253521126761
0.05084745762711865
0.009174311926605505
0.0
0.02247191011235955
0.0702416918429003
0.03659506762132061
0.0008764241893076249
0.000881057268722467
0.0
0.0008802816901408451
0.0
0.0
0.012779552715654952
0.0
0.0
0.0
0.0
0.0
0.0
0.0
0.006756756756756757
0.0
0.0
0.0
0.0
0.0
0.0
0.10714285714285714
0.034482758620689655
0.06896551724137931
0.002036659877800407
0.07142857142857142
0.0022197558268590455
0.0
0.005319148936170213
0.015342960288808664
0.02702702702702703
0.0
0.004301075268817204
0.0
0.07692307692307693
0.0
0.0
0.0
0.0
0.005434782608695652
0.0049504950495049506
0.025974025974025976
0.0
0.015503875968992248
0.07692307692307693
0.0
0.0
0.0
0.003393665158371041
0.0
0.027777777777777776
0.010309278350515464
0.015503875968992248
0.0
0.020833333333333332
0.0
0.0398406374501992
0.0
0.0
0.0
0.0
0.0
0.015503875968992248
0.0
0.034482758620689655
0.25
0.0
0.006060606060606061
0.007122507122507123
0.0
0.027777777777777776
0.0
0.0
0.0
0.010526315789473684
0.009615384615384616
0.0
0.017543859649122806
0.0
0.020191285866099893
0.05076551168412571
0.0
0.013824884792626729
0.001953125
0.0
0.0
0.0
0.012345679012345678
0.0
0.022727272727272728
0.0
0.022222222222222223
0.0
0.00423728813559322
0.0
0.0
0.015469613259668509
0.05154639175257732
0.019417475728155338
0.0
0.0
0.0
0.0
0.041666666666666664
0.05263157894736842
0.005050505050505051
0.006928406466512702
0.08641975308641975
0.0
0.0
0.0
0.0
0.0
0.0
0.0
0.0
0.0
0.0
0.0
0.0
0.003436426116838488
0.0
0.0034129692832764505
0.0
0.014084507042253521
0.01160092807424594
0.023404255319148935
0.0023391812865497076
0.0
0.0
0.05128205128205128
0.0
0.0
0.0
0.0
0.037037037037037035
0.03888888888888889
0.025423728813559324
0.0020491803278688526
0.0
0.0
0.5
0.027777777777777776
0.0
0.0
0.02544529262086514
0.026733500417710943
0.0
0.012770137524557957
0.0013440860215053765
0.0
0.0
0.0
0.10055096418732783
0.019543973941368076
0.02197802197802198
0.0
0.043478260869565216
0.010526315789473684
0.0011160714285714285
0.0
0.013888888888888888
0.0
0.0
0.0030959752321981426
0.0
0.002881844380403458
0.0
0.02416918429003021
0.018617021276595744
0.016129032258064516
0.06451612903225806
0.011857707509881422
0.0
0.0
0.004608294930875576
0.0
