8.351646544245032
2.23606797749979
0.7071067811865475
3.3166247903554
2.82842712474619
4.0
1.4142135623730951
0.4472135954999579
10.862780491200215
9.87420882906575
0.6831300510639733
0.8660254037844387
0.5547001962252291
2.5
0.42640143271122083
0.8660254037844387
0.8944271909999159
0.6666666666666666
1.5811388300841895
8.803408430829505
2.39791576165636
2.91547594742265
0.2672612419124244
2.23606797749979
3.181980515339464
1.9578900207451218
0.5590169943749475
2.6457513110645903
1.5811388300841895
1.2247448713915892
2.898275349237888
2.82842712474619
2.0
5.656854249492381
2.5495097567963927
0.5
1.4142135623730951
0.2886751345948129
10.72380529476361
7.745966692414833
5.338539126015656
1.2060453783110545
1.1547005383792517
20.124611797498105
9.9498743710662
0.5773502691896258
1.414213562373095
8.34665601703261
8.831760866327848
0.8320502943378436
5.0
0.6324555320336759
0.3333333333333333
1.4638501094227998
5.744562646538029
0.5345224838248488
0.23570226039551587
9.797958971132713
2.1794494717703365
4.636809247747852
0.9258200997725514
0.9354143466934853
5.7008771254956905
0.3651483716701107
0.35355339059327373
0.7071067811865475
1.414213562373095
0.5222329678670935
2.82842712474619
1.0954451150103321
3.9096949095440023
0.5773502691896257
9.643650760992955
20.445048300260872
2.302172886644268
2.23606797749979
0.8164965809277261
0.5773502691896258
0.4082482904638631
0.8660254037844387
1.7320508075688774
0.75
0.8164965809277261
3.0
3.1937438845342627
4.641708149534452
3.255764119219941
0.9128709291752769
3.3166247903554
1.35400640077266
4.641708149534452
7.599342076785332
2.23606797749979
4.840306956027833
3.8729833462074166
3.7564758898615485
4.83735464897913
0.7745966692414834
2.3094010767585034
2.1794494717703365
1.0
0.3333333333333333
0.35355339059327373
7.713624310270757
0.8164965809277261
6.27162924074226
0.4082482904638631
1.0
1.414213562373095
8.831760866327848
0.816496580927726
1.087114613009218
5.228129047119373
7.681145747868609
2.82842712474619
1.0
0.8944271909999159
1.0690449676496976
1.7320508075688774
0.3922322702763681
1.1832159566199232
0.7071067811865475
0.5773502691896258
0.4082482904638631
0.7071067811865475
4.415880433163923
5.477225575051661
1.0
0.3651483716701107
8.573214099741122
0.5773502691896258
9.273618495495704
8.803408430829505
1.5275252316519468
2.23606797749979
3.0822070014844885
0.8164965809277261
1.118033988749895
0.7905694150420948
0.7745966692414834
4.254409477236529
1.7320508075688772
2.472066162365221
4.260733053577301
2.449489742783178
1.7320508075688774
6.123724356957945
1.1547005383792517
4.806245936279166
0.4082482904638631
1.0
6.557438524302001
0.7071067811865476
1.5811388300841895
1.1726039399558574
1.7888543819998317
14.071247279470288
1.118033988749895
3.7416573867739413
9.143303560529969
0.5773502691896258
2.0615528128088303
2.449489742783178
1.6329931618554523
3.559026084010437
2.345207879911715
5.612486080160912
0.6123724356957946
0.43301270189221935
5.744562646538029
3.7416573867739413
4.175823272122516
3.0
7.937253933193771
0.25
0.47140452079103173
2.806243040080456
3.391164991562634
1.8559214542766738
0.8660254037844387
4.0
1.7320508075688774
0.4082482904638631
0.7071067811865475
14.071247279470288
0.5773502691896258
4.43471156521669
9.637888196533973
0.7559289460184544
5.0
1.2909944487358056
9.38083151964686
0.5773502691896258
2.669269563007828
1.7320508075688774
1.2247448713915892
0.31622776601683794
2.449489742783178
2.48327740429189
3.5939764421413045
0.7071067811865476
7.187952884282609
4.149966532662911
1.0
4.760952285695233
4.123105625617661
2.7386127875258306
2.23606797749979
5.567764362830022
1.9148542155126762
1.0
4.358898943540673
0.3464101615137754
0.8944271909999159
2.91547594742265
17.146428199482244
1.2909944487358056
1.6329931618554523
0.2886751345948129
1.8708286933869707
3.5707142142714248
6.506407098647711
1.3416407864998738
5.454356057317858
4.7565743976101125
1.5275252316519468
6.123724356957945
3.5939764421413045
3.3166247903554
0.8944271909999159
2.6628760937957834
0.31622776601683794
10.816653826391967
1.0
2.23606797749979
0.7071067811865475
5.031152949374526
1.0
2.6457513110645907
0.4082482904638631
8.176621726430962
0.9128709291752769
1.7320508075688774
5.0
8.124038404635959
0.6030226891555273
1.414213562373095
6.7082039324993685
1.457737973711325
1.0801234497346432
0.5773502691896257
5.744562646538029
3.0659419433511785
0.43301270189221935
1.0
0.5477225575051661
0.7745966692414834
2.0
0.30151134457776363
5.319774431308155
5.477225575051661
0.7637626158259734
0.8164965809277261
4.049691346263318
0.3779644730092272
1.2247448713915892
0.6324555320336759
2.4591907302238774
1.2247448713915892
0.5773502691896258
0.7071067811865476
0.9128709291752769
0.4472135954999579
0.7071067811865475
1.414213562373095
0.8164965809277261
2.1602468994692865
1.3416407864998738
0.5773502691896257
2.70801280154532
1.414213562373095
0.7745966692414834
7.681145747868609
9.67470929795826
0.4082482904638631
11.40175425099138
5.5677643628300215
4.0
2.6457513110645907
5.454356057317858
2.569046515733026
3.4496376621320683
1.0954451150103324
3.8586123009300755
2.041241452319315
3.3166247903554
1.7320508075688774
1.0
1.0540925533894598
1.9364916731037083
6.164414002968977
0.5
1.9148542155126762
0.6666666666666666
1.2247448713915892
0.7071067811865476
1.8708286933869707
2.581988897471611
4.743416490252569
0.4082482904638631
6.298147875897061
8.803408430829505
8.485281374238571
1.6583123951777
3.8593700058565594
1.4719601443879744
5.196152422706632
7.0
8.351646544245032
0.5163977794943222
12.12435565298214
0.9258200997725514
14.456832294800959
5.442885264269311
0.5222329678670935
0.3333333333333333
2.4494897427831783
3.559026084010437
1.414213562373095
5.5677643628300215
0.4082482904638631
5.9721576223896395
1.414213562373095
1.4142135623730951
3.286335345030997
0.8164965809277261
7.874007874011811
10.062305898749052
1.0
4.856267428111155
2.5495097567963927
2.1505813167606567
3.696845502136472
3.162277660168379
4.269750488116283
3.5496478698597693
0.7905694150420948
1.7795130420052185
1.3228756555322951
5.0
4.636809247747852
1.8708286933869707
1.414213562373095
0.4472135954999579
0.5
0.5477225575051661
0.2886751345948129
7.54036755451237
4.636809247747852
0.8164965809277261
8.34665601703261
0.8320502943378436
2.8722813232690143
7.54036755451237
2.2079402165819615
0.22360679774997896
0.7977240352174656
0.21320071635561041
0.8451542547285166
0.4082482904638631
2.104417123236605
1.0
0.2672612419124244
5.442885264269311
0.9428090415820635
0.7453559924999299
1.7320508075688774
3.7537859676477416
3.464101615137755
2.7386127875258306
2.32379000772445
0.5345224838248488
0.7071067811865476
0.8164965809277261
4.281744192888376
1.0540925533894598
0.2773500981126146
1.414213562373095
0.8451542547285166
0.5
0.5345224838248488
3.8729833462074166
1.0
0.3333333333333333
0.2886751345948129
0.8660254037844387
0.9746794344808964
0.4082482904638631
7.713624310270757
1.6035674514745464
1.8708286933869707
4.8218253804964775
5.905505905508859
3.464101615137755
0.31622776601683794
1.3093073414159544
2.185812841434
0.2773500981126146
1.0
1.118033988749895
0.5345224838248488
7.464200272921789
12.93058390019569
0.5
0.8320502943378436
0.31622776601683794
4.453463071962463
0.8944271909999159
0.30151134457776363
1.118033988749895
5.0
1.0954451150103321
1.7320508075688772
0.7071067811865475
0.9258200997725514
2.5495097567963927
5.361902647381805
0.3779644730092272
1.7795130420052185
0.7071067811865475
1.0
1.0801234497346432
0.7559289460184544
1.7320508075688774
1.9540168418367887
0.4472135954999579
11.575836902790225
1.0
1.1055415967851332
5.80640040940045
10.72380529476361
0.7071067811865476
1.0
0.35355339059327373
1.0
2.353393621658208
4.618802153517006
2.5495097567963927
0.2
0.8583950752789522
0.48038446141526137
5.036232357987106
14.230249470757707
1.2649110640673518
4.868264577855234
4.79583152331272
2.318404623873926
0.7071067811865475
4.358898943540673
0.408248290463863
2.5495097567963927
0.7071067811865475
3.3166247903554
2.9664793948382653
1.2792042981336627
3.3166247903554
1.6733200530681511
10.747092630102339
1.4832396974191326
7.469939758793239
9.797958971132713
0.2672612419124244
1.224744871391589
0.22360679774997896
2.82842712474619
5.522680508593631
1.1952286093343936
2.7202941017470885
0.2672612419124244
0.4472135954999579
2.9439202887759492
1.0
1.5275252316519468
0.8660254037844387
0.8660254037844387
0.3333333333333333
3.9370039370059056
0.8164965809277261
1.2247448713915892
0.6324555320336759
1.8257418583505538
0.7745966692414834
6.582805886043833
3.3166247903554
0.3779644730092272
0.35355339059327373
5.916079783099616
0.3333333333333333
0.9354143466934853
7.6681158050723255
1.2909944487358056
1.0
1.5811388300841895
1.414213562373095
2.345207879911715
2.91547594742265
1.0801234497346432
3.7416573867739413
0.6123724356957946
0.5773502691896257
10.222524150130436
4.806245936279166
0.6546536707079772
1.224744871391589
2.0
0.47140452079103173
2.0
9.87420882906575
0.5773502691896258
2.0
1.224744871391589
0.2672612419124244
1.5811388300841895
1.118033988749895
6.557438524302001
4.47213595499958
0.7559289460184544
0.47140452079103173
0.3779644730092272
1.7320508075688774
0.3779644730092272
6.358346595505111
0.6666666666666666
0.7905694150420948
0.5773502691896258
0.6123724356957946
0.5773502691896258
0.31622776601683794
16.69331203406522
1.1547005383792517
2.3094010767585034
3.2914029430219167
0.5
1.6035674514745464
0.5773502691896257
1.9364916731037083
0.4082482904638631
20.445048300260872
0.3333333333333333
0.31622776601683794
0.31622776601683794
7.035623639735144
0.6614378277661476
1.8708286933869707
2.486326242032244
5.036232357987106
1.414213562373095
0.3333333333333333
6.841052550594827
4.242640687119286
8.062257748298551
0.7071067811865476
3.760699023168052
0.30151134457776363
0.25
1.2909944487358056
0.5345224838248488
0.7071067811865476
5.120763831912405
1.414213562373095
0.2581988897471611
2.2079402165819615
0.9354143466934853
7.211102550927978
5.282045058497703
1.4142135623730951
1.5118578920369088
4.0
0.8164965809277261
1.4529663145135578
0.5
0.23570226039551587
3.0
0.8164965809277261
0.6546536707079772
4.242640687119285
3.070597894314954
1.2909944487358056
2.4494897427831783
2.449489742783178
0.9128709291752769
0.816496580927726
0.20851441405707477
0.6324555320336759
1.0
20.445048300260872
0.3779644730092272
1.2247448713915892
5.759050847723665
2.4083189157584592
8.176621726430962
3.24037034920393
0.5590169943749475
0.7745966692414834
0.7559289460184544
0.6324555320336759
0.8660254037844387
15.198684153570664
1.0954451150103321
1.7320508075688774
1.0801234497346432
1.1547005383792517
1.7320508075688774
1.9148542155126762
0.8164965809277261
2.7516228977511745
0.7071067811865476
0.48038446141526137
0.9380831519646858
0.6324555320336759
3.4641016151377544
0.8164965809277261
2.0
0.47140452079103173
0.7071067811865475
0.5773502691896257
0.7745966692414834
0.5773502691896258
13.964240043768942
1.2247448713915892
2.0
1.2909944487358056
1.4719601443879744
0.30151134457776363
2.5298221281347035
0.5773502691896258
1.3228756555322951
4.1144345211184765
14.456832294800959
2.23606797749979
1.0
0.5773502691896257
1.5583874449479593
1.816590212458495
4.358898943540673
0.4472135954999579
8.215838362577491
0.7071067811865475
7.464200272921789
0.5773502691896258
7.416198487095663
3.9096949095440023
0.9428090415820635
2.041241452319315
2.7386127875258306
6.244997998398398
4.636809247747852
1.2909944487358056
0.5345224838248488
0.30151134457776363
1.087114613009218
0.42640143271122083
3.9370039370059056
1.1952286093343936
4.0
1.5811388300841895
0.7071067811865475
0.5773502691896258
3.5118845842842465
4.268749491621899
1.949358868961793
3.674234614174767
2.0976176963403033
1.0
4.242640687119286
1.3228756555322951
0.47140452079103173
1.0
1.2247448713915892
0.5345224838248488
1.5811388300841895
5.176871642217914
0.8660254037844387
0.4472135954999579
3.162277660168379
1.7320508075688774
4.123105625617661
9.643650760992955
1.7320508075688774
1.0690449676496976
0.7071067811865476
4.705619740571601
0.9354143466934853
2.0816659994661326
0.5773502691896258
5.9721576223896395
8.86942313043338
7.0
1.118033988749895
0.6069769786668839
1.0
0.3922322702763681
0.8660254037844387
0.5163977794943222
0.2886751345948129
0.35355339059327373
3.8586123009300755
2.0
4.618802153517006
0.8944271909999159
0.25
0.9428090415820635
0.5773502691896257
8.774964387392123
4.898979485566357
1.8973665961010275
0.7745966692414834
3.9496835316263
0.8164965809277261
3.0
15.362291495737217
6.224949798994366
5.099019513592785
0.35355339059327373
3.363406011768428
0.5345224838248488
2.345207879911715
0.8164965809277261
7.681145747868609
0.5345224838248488
9.899494936611665
0.7453559924999299
0.2581988897471611
2.7386127875258306
10.3440804327886
1.6329931618554523
1.0954451150103321
1.0606601717798214
1.0
0.5547001962252291
4.147288270665545
2.2607766610417563
0.4472135954999579
1.2247448713915892
0.8164965809277261
2.5634797778466227
0.5
1.6329931618554523
0.5
0.816496580927726
8.124038404635959
5.196152422706632
0.7302967433402214
6.244997998398398
1.0
1.224744871391589
5.7008771254956905
1.5811388300841895
0.4472135954999579
1.3627702877384937
0.8451542547285166
3.9115214431215897
0.3779644730092272
0.30151134457776363
0.6123724356957946
1.3416407864998738
3.4641016151377544
1.414213562373095
0.4472135954999579
16.822603841260722
1.7320508075688772
2.898275349237888
3.0
1.2247448713915892
4.600724580614087
0.2672612419124244
0.5
6.5
0.6666666666666666
2.23606797749979
2.1602468994692865
0.4472135954999579
5.04975246918104
2.29128784747792
2.7386127875258306
5.084991923016482
1.5
0.8164965809277261
4.041451884327381
1.0
3.0
7.745966692414833
2.9097537123726926
19.7484176581315
12.93058390019569
3.9370039370059056
3.474396144861517
2.23606797749979
1.2909944487358056
0.2672612419124244
3.1091263510296048
0.25
0.9354143466934853
0.9045340337332909
0.5477225575051661
0.2886751345948129
1.2535663410560174
1.414213562373095
3.162277660168379
5.813776741499453
16.69331203406522
2.041241452319315
1.9148542155126762
2.4238399287081642
1.0
6.867799259345505
8.86942313043338
5.354126134736337
0.7071067811865475
0.35355339059327373
1.7795130420052185
1.3228756555322951
1.0
2.1794494717703365
9.486832980505138
1.0540925533894598
4.705619740571601
0.3333333333333333
0.35355339059327373
0.3651483716701107
2.0993826252990204
0.5547001962252291
1.901416476047427
2.70801280154532
0.7071067811865476
6.224949798994366
0.7071067811865475
1.0
4.58257569495584
0.8164965809277261
1.0
1.5275252316519465
14.106735979665883
2.6457513110645903
1.0
0.7071067811865475
1.0
4.262237284181474
6.164414002968977
0.7559289460184544
2.727178028658929
0.2182178902359924
6.92820323027551
14.071247279470288
0.5773502691896258
0.4472135954999579
3.162277660168379
6.5
3.162277660168379
0.5222329678670935
0.7745966692414834
8.062257748298551
0.5345224838248488
2.3094010767585034
2.0
4.669047011971501
9.974968671630002
4.242640687119286
2.3717082451262845
0.6793662204867574
1.0
2.23606797749979
3.0
0.2581988897471611
4.898979485566357
0.3779644730092272
1.2247448713915892
8.888194417315589
0.7817359599705717
0.8528028654224417
0.3244428422615251
1.0
1.1547005383792517
3.0
8.351646544245032
5.477225575051661
6.48074069840786
0.9718253158075502
3.0
0.3872983346207417
0.2182178902359924
1.1547005383792517
2.3804761428476167
1.224744871391589
8.062257748298551
3.5496478698597693
1.9436506316151003
0.7905694150420948
7.416198487095663
0.6454972243679028
1.2535663410560174
2.5495097567963927
0.5773502691896258
1.118033988749895
3.9370039370059056
0.408248290463863
4.898979485566357
0.6793662204867574
0.5
2.0615528128088303
2.6457513110645903
7.648529270389177
1.0
0.7745966692414834
2.39791576165636
1.7320508075688772
0.2581988897471611
0.7071067811865475
2.6457513110645903
1.2247448713915892
1.2247448713915892
0.4082482904638631
1.4142135623730951
2.345207879911715
4.898979485566356
8.660254037844386
1.414213562373095
4.183300132670378
3.1464265445104544
0.35355339059327373
8.831760866327848
0.31622776601683794
9.0
0.6030226891555273
1.4832396974191326
0.4082482904638631
1.0
2.696799449852968
0.35355339059327373
2.7202941017470885
0.4472135954999579
0.3333333333333333
1.5118578920369088
0.6123724356957946
0.5345224838248488
5.567764362830022
3.7118429085533475
0.7071067811865475
0.7745966692414834
12.93058390019569
14.456832294800959
0.19611613513818404
0.35355339059327373
0.6201736729460423
2.0
1.0954451150103321
6.2048368229954285
0.5773502691896258
3.070597894314954
1.4142135623730951
5.567764362830022
0.816496580927726
0.5345224838248488
8.831760866327848
6.123724356957945
4.898979485566357
1.0954451150103321
5.6075346137535735
2.82842712474619
0.35355339059327373
0.3333333333333333
0.7745966692414834
0.22360679774997896
2.2763607319179844
3.521363372331802
1.6996731711975948
1.7320508075688772
0.5
2.5634797778466227
6.8190908484929285
2.4494897427831783
2.195035721390843
4.48454134902457
2.0976176963403033
5.099019513592785
4.636809247747852
0.23570226039551587
5.131601439446884
8.176621726430962
2.354878881270658
3.9460649476951812
0.7071067811865475
15.198684153570664
4.96655480858378
6.48074069840786
5.099019513592785
1.0801234497346432
1.8439088914585775
0.47140452079103173
1.247219128924647
8.351646544245032
2.82842712474619
0.3333333333333333
0.30151134457776363
2.0
0.6614378277661476
1.5811388300841895
0.5773502691896258
0.6324555320336759
0.8944271909999159
3.4496376621320683
2.0
0.34299717028501764
0.47140452079103173
0.5773502691896257
1.651445647689541
1.4142135623730951
1.378404875209022
0.7071067811865475
2.6457513110645903
1.4142135623730951
0.8660254037844387
0.6666666666666666
5.567764362830022
7.697402159170326
5.787918451395113
4.123105625617661
0.5
6.0151324326084605
0.3535533905932738
2.5495097567963927
2.1712405933672376
2.04939015319192
0.8944271909999159
0.9534625892455924
0.7302967433402214
3.8729833462074166
4.546060565661953
2.91547594742265
1.0
7.697402159170326
0.4472135954999579
13.964240043768942
0.9128709291752769
1.2247448713915892
6.191391873668904
4.222953153106642
0.7071067811865476
0.24253562503633297
1.9364916731037083
3.7416573867739413
0.9354143466934853
6.224949798994366
2.121320343559643
0.2672612419124244
5.612486080160912
0.2
2.5634797778466227
0.7071067811865475
0.5773502691896258
2.8284271247461903
0.8660254037844387
5.809475019311126
4.631905164675271
4.0
4.69041575982343
1.466287829861518
4.527692569068708
0.7071067811865475
1.1547005383792517
3.1167748898959187
1.7320508075688774
2.958039891549808
0.2182178902359924
0.5
3.1091263510296048
4.636809247747852
1.5275252316519468
7.416198487095663
11.803954139750514
8.124038404635959
10.062305898749052
6.191391873668904
1.1832159566199232
3.9370039370059056
0.7071067811865475
6.0
0.7071067811865476
0.7071067811865475
1.8439088914585775
0.4082482904638631
1.4142135623730951
1.3155870289605436
2.0
4.47213595499958
0.22360679774997896
14.106735979665883
1.7320508075688774
8.124038404635959
0.9128709291752769
2.3804761428476167
4.857983120596448
0.8164965809277261
5.0
8.921883209278183
6.324555320336758
2.0
20.124611797498105
0.4472135954999579
1.2535663410560174
3.2532035493238554
1.1547005383792517
1.2909944487358056
8.803408430829505
3.3166247903554
1.0
0.7071067811865475
0.5
4.123105625617661
2.0
8.803408430829505
2.4494897427831783
4.58257569495584
2.6457513110645903
3.0822070014844885
0.6324555320336759
2.569046515733026
1.6329931618554523
3.9460649476951812
3.2145502536643185
4.147288270665545
0.7745966692414834
0.5345224838248488
1.6035674514745464
3.162277660168379
1.1547005383792517
0.7071067811865475
1.6329931618554523
0.3333333333333333
0.5
0.5590169943749475
0.18257418583505536
8.803408430829505
9.0
2.5495097567963927
2.8867513459481287
8.144527815247079
11.811011811017718
0.2721655269759087
1.2247448713915892
0.5
0.3244428422615251
