0.23570226039551587
1.1512810380935816
0.0
0.4001633653325206
0.48686449556014766
0.6804138174397717
0.11846977555181847
0.03464794643376185
0.0
0.0
0.0
0.3779644730092272
0.0
0.0
0.0
0.0
3.0237157840738176
1.9310702364400203
2.0799341638922435
0.0
0.4622501635210242
0.09622504486493763
0.3333333333333333
0.0
0.6546536707079772
2.0610863453715185
0.792593923901217
0.2672612419124244
0.0
0.0
0.0
0.0890870806374748
0.4082482904638631
0.16666666666666666
0.4082482904638631
0.0594438298277764
0.20412414523193154
0.6674238124719146
0.4
0.4472135954999579
0.0890870806374748
0.2672612419124244
0.0
0.07856742013183861
0.25219881102551917
0.16317848796612636
0.47140452079103173
0.4216370213557839
0.16666666666666666
1.534772829506359
0.0936585811581694
0.3500700210070024
0.2727723627949905
0.0
0.21997067253202995
0.0
0.0
0.0
0.0
0.0
0.0
0.045454545454545456
0.1336306209562122
0.16012815380508713
0.0
0.5303300858899106
0.8609460320922785
0.25
0.4082482904638631
0.05372153093502535
0.0
0.2886751345948129
0.5773502691896258
0.0
0.0
0.0
0.07987230638308716
0.22941573387056174
0.30779350562554625
0.0
0.31622776601683794
0.042257712736425826
0.3394221166510653
0.42857142857142855
2.7577196958985795
0.0
0.9486832980505138
0.8387421368293257
0.0
0.0
0.5773502691896258
1.1141720290623112
0.0
0.0
0.2182178902359924
0.0
0.0
0.16666666666666666
0.0
0.0
0.0
0.0
0.0
0.0
0.0
0.0
0.0
0.0
0.0
0.13671718540493266
0.0
0.5
1.717007049358613
0.5
0.5773502691896258
0.7071067811865475
0.0
0.0
1.5275252316519468
0.0
0.4364357804719848
0.5212860351426869
0.0
0.25
0.25
0.0
0.0
0.2886751345948129
0.5
1.0
0.0
1.1458731212852642
0.8432740427115678
1.4251113411729637
0.3779644730092272
0.0
0.5202659817144719
0.24618298195866545
0.12309149097933272
0.0
0.0
1.0079052613579391
0.2886751345948129
0.0
0.0
0.0
0.4082482904638631
0.15075567228888181
0.545544725589981
0.5303300858899106
0.20851441405707477
0.6666666666666666
0.22360679774997896
0.15285446012893578
0.30151134457776363
0.4472135954999579
0.2
0.21320071635561041
0.0
0.07930515857181442
0.14907119849998599
0.0
0.0
1.8993429409939657
0.0
0.0
0.5
0.0
0.2773500981126146
2.154484808072136
0.0
1.0834726777719228
0.4950737714883372
0.0
0.0
0.4082482904638631
0.0
0.0
0.2581988897471611
0.0
0.4472135954999579
0.30779350562554625
0.0
0.8401680504168059
1.109400392450458
0.0
0.0
0.0
0.03742405942825599
0.25558282541117916
0.0
0.2993421700446248
0.910315239422832
0.0
0.2672612419124244
0.24880667576405963
1.7586080204597174
0.2886751345948129
0.7043607250604991
0.4950737714883372
0.0
0.04291410754228745
0.0
0.14907119849998599
0.19245008972987526
0.10050378152592121
0.0
0.0
0.3333333333333333
0.0
0.0
0.2886751345948129
3.1354672194261353
0.0
0.0
0.6285393610547089
0.958467676597046
0.3118724702341802
0.4008918628686366
0.0
0.0
0.0
0.0
0.1555427542095638
2.9714300135556475
2.6388952453521206
2.8853428309357834
0.40201512610368484
0.2407717061715384
2.8053375374786884
0.0
0.0
0.0
0.4082482904638631
0.0
0.0
2.7105759945484325
0.0
0.4193139346887673
0.0
0.2581988897471611
0.0
0.26967994498529685
0.0
0.0
0.0
0.10878565864408424
0.21320071635561044
0.0
0.08406627034183972
0.0
0.0
0.0
1.1202240672224077
0.5
0.21320071635561041
0.9819805060619657
0.7770286898858113
1.5616717213937263
0.5
0.0
0.0
0.42008402520840293
0.25615775978927996
0.23388213848187445
0.058025885318565944
0.16666666666666666
0.3086066999241838
0.280056016805602
0.3207501495497921
0.2886751345948129
0.26490647141300877
0.0
1.161895003862225
0.25
0.0
0.0
0.0
0.0
0.0
0.0
0.0
0.0
0.0
0.0
0.0
0.0
0.0
0.0
1.260976649982561
0.0
0.0
1.7870003261739649
0.6488856845230502
0.47140452079103173
0.8574929257125441
0.0
0.1091089451179962
0.24618298195866545
0.0
0.0
0.0
1.2258552477496576
0.9045340337332909
2.4795914953354385
2.5560386016907755
4.182371835412715
3.7716825457067866
4.541666666666667
1.7025130615174973
0.6666666666666666
0.4082482904638631
0.2886751345948129
0.2886751345948129
0.5
0.8498365855987974
0.04800153607373193
3.5645311547160277
0.17407765595569785
0.31622776601683794
0.35355339059327373
1.1113247657830427
0.0
0.0
0.0
0.0
0.8320502943378436
1.7380213554626418
0.3333333333333333
0.0
0.5773502691896258
3.289758474798845
1.0400628679223047
0.7071067811865475
0.23570226039551587
0.0
1.414213562373095
0.0
0.0
0.0
0.0
0.0
0.0
0.5345224838248488
0.0
0.0
0.4082482904638631
1.1721057015904899
0.04800153607373193
1.4928400545843579
0.3803194146278325
2.520504151250418
0.0
1.0392304845413263
0.2581988897471611
0.8198127976897006
0.0
0.22360679774997896
0.31622776601683794
0.3872983346207417
0.7925939239012171
1.010545107072199
0.0
0.17677669529663687
0.0
0.0
0.0
0.0
0.14824986333222023
0.1386750490563073
0.2491364395612199
0.0
0.9339475705392295
0.10540925533894598
0.0
0.06216698721602092
0.0
0.0
0.0
0.0
0.0
1.0067340828210365
0.4082482904638631
0.35355339059327373
0.14301938838683884
0.43611285347218526
0.14285714285714285
0.0
0.0
0.0
0.0
0.0
0.0
0.030358837035945812
0.0
0.2886751345948129
0.0
1.3030271902985155
0.0
0.0
0.36232865092627065
0.26144680219835703
0.0
0.0
0.18257418583505536
0.0
0.23904572186687875
0.0
0.10540925533894598
0.014617633655117153
0.16666666666666666
1.0
0.0
0.0
0.0
0.0
3.991012001432733
3.6638959880475026
0.0
0.0
0.0
0.3768891807222045
0.408248290463863
0.0
0.0
0.3112864031823452
0.7938841860374447
0.0
0.8518380953582186
0.25
0.0
0.0
0.0
0.0
0.22360679774997896
0.6139601294045424
0.0
0.044946657497549475
0.0
0.03413943709994594
0.21320071635561041
0.2886751345948129
0.7071067811865475
0.2271847336988259
0.6
0.0
0.43301270189221935
0.0
1.102760355657588
0.0
2.4246715773614613
0.0
0.02719641466102106
0.0
0.14433756729740646
0.17677669529663687
0.0
0.23570226039551587
0.0
0.3333333333333333
0.0
0.0
0.7071067811865475
0.3535533905932738
0.0
0.3692744729379982
0.0
0.16412198797244362
0.0
0.41702882811414954
0.0
0.5119000846074708
0.0
0.0
0.0
0.0
0.8660254037844387
0.4472135954999579
0.3872983346207417
1.323037168951557
0.0
0.2886751345948129
1.6394096626513919
1.7833513059242925
1.5
0.8944271909999159
1.0954451150103321
1.0891622972743418
0.5773502691896258
0.16666666666666666
0.4082482904638631
0.0
0.0
0.0
0.0
0.5163977794943222
0.0
0.16222142113076254
0.0
0.0
0.3333333333333333
0.2672612419124244
0.2672612419124244
0.0
0.4082482904638631
0.23570226039551587
0.0
0.0
0.7071067811865475
0.0
0.0
0.0
0.0
0.0
0.0
0.2581988897471611
0.0
0.0
0.0
0.0
0.0
0.016303866268150616
0.0936585811581694
0.48420012470625223
0.19245008972987526
0.13245323570650439
0.42008402520840293
0.0
0.0
0.0
0.0
0.0
0.15249857033260467
0.0
0.0
0.0
1.6343011261515334
0.7715167498104595
0.23570226039551587
1.0886621079036347
0.50709255283711
0.0
1.4757295747452437
0.6030226891555273
0.8320502943378437
1.3888888888888888
0.6614378277661476
0.6882472016116852
0.0
0.5188052414005403
0.2773500981126146
0.4588314677411235
0.4833682445228318
0.12403473458920847
0.0
0.0
0.6735753140545634
0.17677669529663687
0.25
0.22941573387056174
0.4472135954999579
0.4
0.0
0.43301270189221935
0.0
0.6697746866231371
0.11624763874381928
0.0
0.24253562503633297
0.2581988897471611
0.06162360225133207
0.0
0.0
0.5345224838248488
1.0
0.5
0.6324555320336759
0.0
0.03268602252303067
0.0
0.0
0.0
0.0
0.0
0.0
0.0
0.0
0.26940795304016235
0.7130240959073808
0.0
0.033671751485073696
0.628970902033151
0.2672612419124244
1.2614119949463283
0.41702882811414954
0.22360679774997896
1.0954451150103321
0.21566554640687682
0.0
0.0
0.0
0.2
0.0
0.0
0.0
0.0
1.3379872160113453
0.2773500981126146
0.6255432421712244
0.4902903378454601
0.2326210525996177
0.0
0.0
0.23570226039551587
0.0
1.4251113411729637
0.7126966450997984
0.0
1.7722030125208397
2.148344622118299
0.9072647087265548
0.0
0.6622661785325219
0.5163977794943222
1.044073795327749
0.26804385337361925
0.21166687833365086
0.50709255283711
0.50709255283711
0.0
0.2873478855663454
0.0
0.0
0.0
0.0
0.0
0.7745966692414834
0.0
0.0
0.05063696835418333
0.0
0.31535299873658207
1.0891622972743418
0.2672612419124244
0.0
1.1694458304239055
0.0
1.1562943287008007
1.1921660297625012
0.0
0.0
0.050251890762960605
1.3391117724010386
2.083389742826056
1.299688112275091
0.4472135954999579
2.065591117977289
1.2727922061357855
0.7844645405527362
0.4082482904638631
0.7071067811865475
0.0
0.0
0.0
0.9237604307034011
0.0
0.0
0.0
0.408248290463863
0.4833682445228318
0.0
0.24494897427831783
0.0
0.5812381937190965
0.9667364890456636
0.0
0.3721042037676254
0.3333333333333333
0.25
0.4244373438135827
0.25724787771376323
0.15811388300841897
0.0
0.9561828874675149
0.9071147352221454
0.5477225575051661
0.8944271909999159
0.018656586541256383
0.1232082207267395
0.5883484054145521
0.0
0.15811388300841897
0.025062735355854276
0.038461538461538464
0.0
0.282842712474619
0.09901475429766744
0.24659848095803594
0.1889822365046136
0.16666666666666666
0.0
0.0
0.0
0.0
0.34299717028501764
0.0
0.17349447958987207
0.0
0.0
0.0
0.25
1.1067971810589328
0.0
0.2886751345948129
0.08980265101338746
0.0
0.0
0.0
0.0
0.0
0.22360679774997896
0.09759000729485333
0.0
3.4046839488445086
2.5020701488139374
0.8111071056538127
0.0
0.0
0.6773340106676827
0.0
0.7071067811865475
0.5
0.0
0.2581988897471611
1.0327955589886444
0.0
0.0
0.0
0.2672612419124244
0.5976143046671968
0.0
0.0
0.8280786712108251
0.0
0.0
0.2182178902359924
0.1543033499620919
0.0
0.0
0.0
0.0
0.0
0.23570226039551587
0.0
0.09667364890456635
0.31234752377721214
0.649519052838329
0.0
0.0
2.275604120244945
0.0
0.4082482904638631
0.4082482904638631
0.0
0.8164965809277261
0.0
0.0
0.16151457061744964
0.0
0.676481425202546
0.21166687833365086
0.0
0.0594438298277764
0.0
0.4082482904638631
0.0
0.0
0.0
0.0
0.0
0.0
0.0
0.07905694150420949
0.2839809171235324
0.0
0.0
0.0
0.48989794855663565
0.41403933560541256
0.0
0.25
0.36293309315564887
0.07216878364870323
0.0
0.2
1.6669871486745642
0.0
0.3333333333333333
0.0
0.48507125007266594
0.19611613513818404
0.22360679774997896
0.18257418583505536
0.0
0.0
0.046225016352102424
0.0
0.7071067811865475
0.5773502691896258
0.0
0.12126781251816648
0.17960530202677488
0.0
0.040422604172722164
0.4629100498862757
0.33974978668140304
0.3086066999241838
0.18257418583505536
0.21004201260420147
0.408248290463863
0.16666666666666666
0.0
0.0
1.7959982617189698
2.7343962911259
3.053290134455173
2.1105794120443453
0.0
1.1338934190276817
0.3810003810005715
0.0
0.4833682445228318
0.408248290463863
0.22941573387056174
0.0
0.3810003810005715
0.03789129424378075
0.25
0.21442250696755896
0.21320071635561041
0.46499055497527714
0.0
0.0
0.1466471150213533
0.25
0.0
0.21419182104066636
0.27975144247209416
0.4066950256418887
0.3912303982179758
0.2637521893583148
0.0
0.4472135954999579
0.5977406368332137
0.444554224474387
0.5384049882656784
0.0
0.48349377841522817
0.30151134457776363
0.0
0.0
0.6781032715750759
0.21320071635561041
0.12309149097933272
0.21320071635561041
0.30151134457776363
0.23249527748763857
0.0
0.0
0.5468687416197306
0.0
0.0
0.0
0.0
0.0
0.0
0.0
0.21320071635561041
0.04441155916843276
0.0
0.41015155621479793
0.47140452079103173
0.0
0.20412414523193154
0.457495710997814
0.06880209161537815
0.0
0.0
0.0
0.31622776601683794
0.31622776601683794
0.0
0.4472135954999579
0.0
0.16666666666666666
0.0
0.8164965809277261
1.052469623168435
0.0
0.0
0.0
0.09053574604251853
0.1414213562373095
0.0
0.13018891098082389
0.0
0.0
0.0
0.0
0.0
0.0
0.0
0.0
0.0
2.28747855498907
3.0237157840738176
2.28747855498907
2.681332221799479
2.8562510279456395
0.7216878364870323
0.9718253158075502
2.100143020537835
0.11952286093343936
0.0
2.3843320595250024
0.0
2.792848008753788
0.8164965809277261
1.4795908857482156
2.416274785363585
0.4082482904638631
0.0
1.6107745325136584
2.115149216757609
0.0
0.13671718540493266
0.0
0.3508232077228117
0.0
0.0
0.1933472978091327
0.0
0.5773502691896258
0.22941573387056174
0.5222329678670935
0.8427009716003844
1.5851878478024342
0.0
0.0
0.0
0.0
0.0
0.09622504486493763
1.7693034738587656
0.7844645405527362
0.4923659639173309
0.18569533817705186
0.0
0.10660035817780521
0.0
0.0
0.5304671043874534
0.0
0.0
0.14907119849998599
0.0
0.7559289460184544
0.0
0.20412414523193154
0.43301270189221935
0.1421338109037403
0.0
0.8164965809277261
2.2569092972407487
1.4445708739490537
0.14433756729740646
0.2886751345948129
0.0
0.23570226039551587
0.0
0.0
0.15384615384615385
0.0
0.0
0.0
0.0
0.0
0.0
0.0
0.5
0.0
0.0
0.0
0.0
0.0
0.0
0.5669467095138409
0.20412414523193154
0.3779644730092272
0.023112508176051212
0.9271726499455306
0.2857142857142857
0.0
0.058099289377412676
0.5088816890758622
0.2182178902359924
0.0
0.254000254000381
0.0
0.6099942813304187
0.0
0.0
0.0
0.0
0.2886751345948129
0.14433756729740646
0.8944271909999159
0.0
0.4082482904638631
0.2581988897471611
0.0
0.0
0.0
0.29277002188455997
0.0
0.2672612419124244
0.11624763874381928
0.1933472978091327
0.0
0.2
0.0
0.7059781184061312
0.0
0.0
0.0
0.0
0.0
0.25982792098465235
0.0
0.46188021535170054
1.0
0.0
0.13608276348795434
0.1496710850223124
0.0
0.2672612419124244
0.0
0.0
0.0
0.25
0.2
0.0
0.13608276348795434
0.0
1.2065012065018097
2.0592194189509323
0.0
0.20225995873897262
0.35355339059327373
0.0
0.0
0.0
0.0890870806374748
0.0
0.2581988897471611
0.0
0.23570226039551587
0.0
0.4472135954999579
0.0
0.0
0.8767140075192094
0.5292561240249631
0.9014978717104176
0.0
0.0
0.0
0.0
0.22941573387056174
0.7071067811865475
0.11785113019775793
0.3407771005482389
1.5652475842498528
0.0
0.0
0.0
0.0
0.0
0.0
0.0
0.0
0.0
0.0
0.0
0.0
0.7071067811865475
0.0
0.4082482904638631
0.0
0.2886751345948129
0.8838834764831843
0.9958932064677039
0.3922322702763681
0.0
0.0
0.4472135954999579
0.0
0.0
0.0
0.0
0.4472135954999579
0.42759305524706825
0.25724787771376323
0.2581988897471611
0.0
0.0
1.0
0.20851441405707477
0.0
0.0
0.5439282932204212
0.9355285539274978
0.0
0.5416666666666666
0.35355339059327373
0.0
0.0
0.0
2.1507831261090824
0.45226701686664544
0.9486832980505138
0.0
0.8660254037844387
0.25
0.35355339059327373
0.0
0.18609684207969418
0.0
0.0
0.23570226039551587
0.0
0.10540925533894598
0.0
1.0079052613579391
0.6260990336999411
0.6
0.4923659639173309
1.0392304845413263
0.0
0.0
0.057259833431386825
0.0
