2
8
2
4
8
5
12
8
6
12
8
18
48
6
3
42
2
8
24
1
51
462
6
6
2
6
1
342
3
4
1
4
100
4
4
2
216
203
30
1
11
4
10
1
3
4
6
1
1
6
2
32
2
14
2
2
2
1
125
2
3
1
6
1
3
6
6
24
4
48
1
3
3822
4
2
8
4
57
2
6
14
60
1
2
4
1
4
6
9
4
2
6
1
1
2
4
1
4
3
3
5
1
30
2
1
5
10
12
5
4
16
1
4
1
12
3
2
6
2
5
33
1
2
3
3
6
3
27
12
21
3
6
4
7
1
2
20
1
10
4
1
8
1
18
30
1
1
6
1
1
8
4
5
2
6
3
165
9
1
2
12
2
6
8
3
7
64
2
2
3
32
2
16
1
12
6
2
3
4
7
1
34
104
5
2
536
1
4
3
7
5
3
1
9
2
8
5
9
10
2
1
1
3
3
12
1
2
6
8
5
2
4
1
24
8
46
7
8
1
5
4
1
1
3
1
1
8
4
2
9
4
2
5
60
2
1
3
12
4
3
9
1
1
3
3
30
2
3
2
114
2
8
4
4
4
46
2
18
5
8
2
2
16
6
6
2
5
2
44
100
1
2
38
12
5
10
5
12
1
10
42
16
12
390
24
36
16
2
2
3
20
6
1
4
2
16
18
16
2
12
27
8
4
2
2
1
1
2
8
3
1
2
240
4
1
2
4
468
2
40
1
3
6
2
8
762
6
20
1
8
4
1
54
1
4
6
13
42
6
6
20
7
1
1
28
6
1
24
2
1
3
2
22
2
3
6
3
3
1
8
2
14
4
16
60
9
3
5
1
2
8
8
3
1
7
6
3
3
2
9
5
10
1
20
8
12
3
6
8
18
12
5
1
2
7
1
38
9
6
1
46
3
7
2
7
2
1
4
7
5
1
8
68
10
10
150
64
6
3
1
13
6
16
38
1
2
3
5
5
1
21
35
4
1
5
1
10
64
1
9
4
10
1
15
12
1
14
36
1
1
4
708
3
9
5
3
1
3
172
2
72
9
1
12
61
2
1
16
3
1
3
15
6
3
72
74
1
3
2
240
1
2
6
12
2
4
3
2
8
4
12
9
1
1
2
8
1
162
4
10
24
6
124
6
5
3
2
48
2
2
21
2
1
4
8
4
2
7
1
2
5
4
5
1
95
1
4
2
2
3
3
2
5
4
18
9
4
1
1
205
6
30
9
8
3
15
2
4
4
13
4
1
2
6
12
8
10
1
36
40
4
4
1
6
10
4
28
4
9
6
2
7
16
15
50
18
2
10
1
4
3
4
4
20
4
2
12
1
1
21
4
1
5
1
5
1
8
4
1
3
1
1
2
287
2
8
2
6
4
4
6
17
12
1
12
2
3
9
135
16
6
8
5
4
3
16
55
1
3
1
24
6
3
1
44
2
1
1
12
1
2
2
6
17
8
4
2
3
48
2
1
21
1
4
15
5
12
132
20
2
1
2
16
8
9
1
3
3
24
264
8
30
6
4
84
8
2
2
4
40
6
91
3
6
4
8
14
1
20
2
2
8
4
24
6
16
10
8
4
1
22
3
12
3
12
28
1
1
1
32
2
1
4
3
5
2
39
8
12
19
15
1
1
5
1
1
5
12
24
12
1
1
4
5
3
1
32
5
3
6
2
1
90
1
14
9
4
2
4
6
6
8
10
15
8
4
2
14
3
30
4
2
3
3
8
7
7
1
2
3
2
26
6
9
4
52
1
24
6
2
12
16
12
3
4
10
24
154
2
6
1
30
6
1
8
1
8
1
117
10
1
12
12
1
18
2
30
8
2
50
12
81
36
4
2
1
10
28
1
8
6
3
3
46
1
2
24
6
102
3
20
2
88
4
6
8
4
9
2
4
13
3
2
45
3
92
120
1
4
2
5
15
820
6
3
6
2
1
20
8
2
1
3
6
21
8
3
8
2
4
18
7
20
14
8
2
2
8
6
4
6
6
2
40
2
2
2
2
1
2
22
2
24
2
12
9
6
1
4
10
3
1
6
6
4
3
6
6
4
2
240
3
3
16
4
6
30
2
1
7
4
4
10
20
36
6
2
24
36
1
3
16
2
276
4
1
6
56
1
2
2
5
1
9
2
2
35
4
3
2
5
4
4
2
18
1
18
5
28
10
12
1
12
8
24
4
2
12
26
3
3
2
4
11
2
2
13
14
4
1
7
3
4
2
1
1
1
4
1
1
1
3
1
11
1
20
90
2
20
1
2
6
2
5
30
2
7
1
4
4
4
3
12
2
4
4
5
3
8
2
3
3
6
36
13
4
81
2
11
2
1
3
3
20
6
6
3
1
4
3
1
4
44
2
3
3
5
4
15
1
1
4
6
2
4
15
1
2
16
210
4
1
52
6
35
5
6
13
10
2
2
15
14
3
2
17
3
6
44
6
32
3
63
7
2
2
3
14
2
6
2
3
1
12
5
24
5
8
12
1
1
1
9
16
96
6
6
1
4
10
1
6
4
39
1
50
2
36
1
6
5
1
15
2
2
2
2
3
4
3
4
1
10
2
2
2
4
1
1
2
3
2
2
6
13
2
24
4
4
1
18
3
