1.1832946624549385
69.1277869865276
0
10.506500813593838
9.380454532469585
5.8765415875979325
2.2117256169675956
1.0
0
0
0
1.4306765580733931
0
0
0
0
65.70063341203924
55.5820249352089
52.457710516503816
0
15.594240527407445
1.285097208938469
2.491446071165522
0
3.8726896644112774
168.53615145261142
9.063126657175049
1.285097208938469
0
0
0
0.7966397701969123
1.6469139239245152
0.7966397701969123
0.8977117175026231
2.9460612563821504
2.095903274289385
23.879065455408146
1.8243401255317502
1.7450057390983122
1.1832946624549385
2.881929087218067
0
0.8304820237218408
6.313396249890998
3.1992983449136343
1.799131277578283
9.580093867165525
1.285097208938469
99.92282443747494
0.8977117175026231
13.057424890179165
4.74886907030073
0
7.07879541662043
0
0
0
0
0
0
2.84425870989862
0.9266284080291269
2.2453497767275965
0
4.804818958877759
20.423817396994693
1.4306765580733931
2.095903274289385
2.6609640474436818
0
0.8725028695491561
3.095903274289385
0
0
0
5.592726100195449
1.9039491351593667
3.0872437976143052
0
1.1832946624549385
0.7067270923753284
13.837863207084197
3.0726432451392167
119.0011070936706
0
4.717119889522194
11.448469486509754
0
0
4.219639812389986
14.79289027962518
0
0
0.9266284080291269
0
0
1.4306765580733931
0
0
0
0
0
0
0
0
0
0
0
2.613971220528332
0
0.7966397701969123
33.30169217186393
0.7966397701969123
2.0810063799575618
4.109437334470218
0
0
14.415304841775626
0
3.629613301300124
6.143132605013868
0
0.8304820237218408
1.4306765580733931
0
0
1.1832946624549385
1.6609640474436815
1.7465860619078208
0
31.604316225243235
8.143423589903637
47.18094884345091
0.7067270923753284
0
5.982975552247657
3.203212639251839
1.0
0
0
9.799238673842734
1.0
0
0
0
1.0
1.0479516371446924
5.937885557695948
3.231246299599631
2.7089156845883737
4.013225287398897
1.0
6.709786660538705
1.285097208938469
4.081006379957562
2.376302326480378
3.5265798323627777
0
1.6609640474436815
0.768621786840241
0
0
55.15990236805043
0
0
3.321928094887363
0
1.1073093649624544
76.37613182601514
0
19.875841088548178
4.609547733951975
0
0
1.8502741537276028
0
0
1.0
0
0.7563041955164012
3.112330447427532
0
14.286268482102308
30.18079745140081
0
0
0
1.4306765580733931
11.036139809879266
0
5.40990872890325
38.35551661444832
0
1.0
17.923161058633173
72.43170434605881
1.4306765580733931
27.21436970654514
8.143374623439843
0
0.768621786840241
0
0.768621786840241
0.9266284080291269
0.768621786840241
0
0
0.768621786840241
0
0
0.768621786840241
106.78110279535376
0
0
18.360017534776482
71.95497074718453
9.242822016177861
3.376339912720709
0
0
0
0
3.7590648336494095
63.67417783511643
34.31475179138669
74.86198657953538
4.293301413872289
2.4683918713934077
47.74821738231483
0
0
0
0.8977117175026231
0
0
102.95376716635816
0
7.078795416620428
0
1.1832946624549385
0
2.3330488460831615
0
0
0
4.045543297092507
5.375101211033709
0
2.84425870989862
0
0
0
25.002030366068453
1.4306765580733931
2.328388275576016
8.94750710915393
8.687752276347691
36.624573577617475
3.231246299599631
0
0
4.018269013546202
4.982784250107639
8.362840121937271
1.0
4.053486792979442
1.7086398911286675
6.351126350074188
5.347020409650998
1.0479516371446924
1.7288743546293686
0
21.543199091772582
3.5265798323627777
0
0
0
0
0
0
0
0
0
0
0
0
0
0
23.14355028857433
0
0
35.62448799866364
3.2682464503081503
1.9205051355782552
7.310066732473034
0
1.1073093649624544
2.290604027417393
0
0
0
58.40015213771066
12.562734703815021
62.97603710536791
46.37627303029753
140.9982071312216
71.3871110517129
126.84578304203697
20.770138039157715
1.75689233798604
2.095903274289385
0.9602525677891276
1.9205051355782552
1.9205051355782552
57.703841030016605
1.285097208938469
123.54357473339954
0.9602525677891276
1.8105267215167302
0.9266284080291269
76.27520582305938
0
0
0
0
18.93374801775737
89.13946682488444
1.6093512794888714
0
3.5265798323627777
93.98441108300084
23.161406027784555
3.321928094887363
1.1073093649624544
0
10.980994918899738
0
0
0
0
0
0
1.9745800451738194
0
0
3.7568673217330666
34.88409696051232
1.285097208938469
89.55461989063372
8.439526487936208
61.025915365296825
0
15.296859386610528
2.095903274289385
27.646216031466924
0
2.095903274289385
2.095903274289385
5.679233060989883
40.289183641337154
41.806061399167056
0
0.8977117175026231
0
0
0
0
2.0004354879751656
1.285097208938469
2.884211926719184
0
30.156773641638452
1.1832946624549385
0
1.7104232267945823
0
0
0
0
0
33.40755070990001
2.095903274289385
1.1073093649624544
4.429237459849817
16.468205879090448
1.285097208938469
0
0
0
0
0
0
1.1832946624549385
0
0.8977117175026231
0
38.890232253674384
0
0
16.805831319138733
9.840884701377103
0
0
1.1832946624549385
0
7.165907397350281
0
1.285097208938469
0.9266284080291269
1.1073093649624544
2.715773767011862
0
0
0
0
101.83178716549072
121.05381485215342
0
0
0
4.831013031163659
2.779885224087381
0
0
6.466984926568684
38.867644242303214
0
41.052869758428244
0.8725028695491561
0
0
0
0
1.285097208938469
24.7569617754724
0
0.744921859773347
0
1.4306765580733931
0.7067270923753284
1.4306765580733931
0.7820114830995407
7.366575873489087
4.811677041301246
0
3.410610990725244
0
25.338977017514114
0
46.9873996843231
0
1.1832946624549385
0
2.095903274289385
1.6609640474436815
0
1.0
0
1.0
0
0
1.0
6.166186804785983
0
15.377189023741446
0
6.370838542261398
0
6.643856189774726
0
38.25079529603268
0
0
0
0
6.413568700404438
1.285097208938469
3.4968228259060643
79.08032759432318
0
1.285097208938469
37.097013612182785
68.5469032933885
37.81712608619688
9.609637917755517
10.77454222302006
15.428081157358934
2.8613531161467862
1.4306765580733931
2.0335688161825414
0
0
0
0
1.9519164492951795
0
1.1832946624549385
0
0
1.1832946624549385
0.8502741537276027
0.7820114830995407
0
0.7820114830995407
0.7820114830995407
0
0
0.7820114830995407
0
0
0
0
0
0
1.4306765580733931
0
0
0
0
0
1.285097208938469
2.4429755305432224
23.173708753022744
0.9602525677891276
1.0479516371446924
4.053370621344604
0
0
0
0
0
1.4306765580733931
0
0
0
26.804785568094974
9.08945098888028
1.0479516371446924
10.397694232572764
4.386507301706778
0
31.922916668644465
4.20936164035502
7.915426210450033
26.120851582764026
11.869511614885486
6.279232206141718
0
30.115720756308658
1.6609640474436815
3.5265798323627777
8.80597527430536
2.095903274289385
0
0
17.43678876998518
0.8977117175026231
1.285097208938469
3.321928094887363
4.811677041301246
5.4178313691767475
0
5.852770596022451
0
22.41648416801121
1.6609640474436815
0
2.095903274289385
1.6469139239245152
4.376737814455543
0
0
2.4786281952180858
5.239758185723462
2.4786281952180858
4.505222757342302
0
1.0479516371446924
0
0
0
0
0
0
0
0
3.7590648336494095
11.53476732565594
0
0.8977117175026231
8.49110391828578
1.6609640474436815
25.204541715174674
4.604132190868519
0.768621786840241
6.313396249890998
2.2611585817952338
0
0
0
1.4306765580733931
0
0
0
0
53.819634887390364
0.7966397701969123
10.637869083301569
6.914723737491391
7.663884511107033
0
0
1.285097208938469
0
47.18094884345091
16.794272527663058
0
63.61754838063307
68.45242183901941
27.91393884299766
0
4.265809864492359
2.3924065739009235
11.847919747032503
9.36753468371843
5.746991509866321
4.044647778601725
6.5428797942208465
0
3.440358211045616
0
0
0
0
0
3.4775374714286147
0
0
0.9602525677891276
0
5.898003201836331
15.076631374547002
1.0
0
53.56079664967099
0
46.382090943075426
42.30241280457163
0
0
1.6609640474436815
52.078813244820815
106.3477322318718
26.279644517085973
3.9544429085698365
69.32199849312612
12.447428756403603
4.227252471346528
0.9266284080291269
2.35730496610252
0
0
0
19.78007393989302
0
0
0
4.000870975950331
8.568544363034313
0
8.304820237218408
0
8.466741816550783
23.471864566533934
0
4.000870975950331
1.1832946624549385
1.6609640474436815
10.506500813593838
2.9282907419522686
0.8304820237218408
0
7.528474670454535
15.235279003447394
2.9277307862144393
14.862026783146796
0.7067270923753284
4.942359496104348
4.811677041301246
0
2.095903274289385
1.4306765580733931
1.4306765580733931
0
4.752604652960756
0.9602525677891276
3.546255790733703
0.9266284080291269
0.9266284080291269
0
0
0
0
2.3909291258625207
0
5.229749532504556
0
0
0
1.0479516371446924
30.585266386448367
0
1.0479516371446924
2.715773767011862
0
0
0
0
0
1.6609640474436815
1.0
0
109.52260365175299
62.44924825409162
7.339597501580542
0
0
21.196841842811683
0
1.1073093649624544
1.1073093649624544
0
9.609637917755517
33.173398559653286
0
0
0
1.0479516371446924
5.404186908561693
0
0
12.529309721823616
0
0
0.9266284080291269
1.0
0
0
0
0
0
3.321928094887363
0
1.285097208938469
4.58593756018054
9.793418800246258
0
0
88.8135418530954
0
1.1832946624549385
1.285097208938469
0
2.3330488460831615
0
0
3.8437729738847737
0
18.515654820606116
5.40990872890325
0
0.8725028695491561
0
2.095903274289385
0
0
0
0
0
0
0
1.6609640474436815
6.990709034983875
0
0
0
5.7605925176616
9.884328571740244
0
1.285097208938469
9.319097310559892
1.7104232267945823
0
0.8502741537276027
58.48155768120086
0
1.285097208938469
0
6.597196060302361
3.321928094887363
1.4306765580733931
0.9602525677891276
0
0
3.321928094887363
0
4.19180654857877
4.752604652960756
0
1.285097208938469
5.626475977607853
0
0.7067270923753284
3.1914988673887583
19.34752620385815
2.9460612563821504
1.0
3.2472499820583267
3.526579832362778
1.0479516371446924
0
0
24.097698140010635
61.4407514619893
58.48155768120086
23.879065455408146
0
3.1073093649624544
7.07879541662043
0
8.568544363034313
4.000870975950331
1.4306765580733931
0
4.274935267972014
2.1073093649624544
2.5656124327642993
3.8599821889560486
1.1073093649624544
7.525140734139203
0
0
4.982892142331044
1.1073093649624544
0
10.674274307154647
3.328902348945688
17.358968141121057
18.510263661953374
4.927499383979457
0
1.1832946624549385
15.03080786678618
11.344659414078983
15.879426911366336
0
6.2327578151354475
1.4306765580733931
0
0
29.730399794212914
0.7343611355735556
1.1073093649624544
0.7343611355735556
0.8725028695491561
2.84425870989862
0
0
14.421314959056764
0
0
0
0
0
0
0
2.095903274289385
0.9266284080291269
0
11.890472457921675
6.643856189774726
0
1.0
4.569578831025026
1.7907345915109683
0
0
0
0.8725028695491561
0.8725028695491561
0
1.4306765580733931
0
1.1832946624549385
0
3.7568673217330666
37.979598855115626
0
0
0
2.095903274289385
3.321928094887363
0
3.321928094887363
0
0
0
0
0
0
0
0
0
36.03356804742326
65.70063341203924
36.03356804742326
128.47599233821555
87.83385811625446
11.861733214649039
37.41546407913068
105.15272391972093
2.84425870989862
0
45.249555755639676
0
88.71745506919807
3.1438549114340772
19.902867031398305
38.461641998175935
3.1438549114340772
0
25.647679952060425
39.68529218880646
0
3.7568673217330666
0
11.626748332105771
0
0
3.7568673217330666
0
2.095903274289385
3.321928094887363
7.1896724568841925
13.899103270038708
108.42169995506967
0
0
0
0
0
1.4306765580733931
12.52252802653328
4.489902372331027
4.936232012858679
0.768621786840241
0
1.6609640474436815
0
0
11.586967080644722
0
0
0.9602525677891276
0
4.19180654857877
0
2.095903274289385
2.9312805336851646
2.9460612563821504
0
3.5265798323627777
121.84616882994928
59.72553483079666
1.1832946624549385
0.8304820237218408
0
1.1832946624549385
0
0
5.747589808137731
0
0
0
0
0
0
0
1.0479516371446924
0
0
0
0
0
0
3.340894740942564
0.8725028695491561
2.2850972089384687
1.4306765580733931
15.592530060086562
1.7820114830995406
0
2.5586757649463046
22.094553560314306
0.9266284080291269
0
4.982892142331044
0
8.739759464064111
0
0
0
0
0.9602525677891276
2.095903274289385
4.19180654857877
0
3.7568673217330666
1.1832946624549385
0
0
0
4.274935267972014
0
2.095903274289385
1.6609640474436815
3.7568673217330666
0
1.4306765580733931
0
79.28492480832136
0
0
0
0
0
7.601126031631686
0
8.739759464064111
1.285097208938469
0
1.6609640474436815
6.31895693378738
0
2.095903274289385
0
0
0
3.321928094887363
1.285097208938469
0
2.0
0
28.011408387692974
75.75839949943584
0
3.31903498193005
0.7820114830995407
0
0
0
0.8725028695491561
0
0.7820114830995407
0
1.285097208938469
0
1.4306765580733931
0
0
18.974564827993905
14.060781608861426
16.717893221309794
0
0
0
0
3.321928094887363
3.321928094887363
1.1832946624549385
7.420987691322432
8.325072484454136
0
0
0
0
0
0
0
0
0
0
0
0
1.4306765580733931
0
1.4306765580733931
0
0.8977117175026231
7.225259193126473
15.537206844143554
2.715773767011862
0
0
4.19180654857877
0
0
0
0
2.290604027417393
17.249231438757935
5.85991401792321
2.095903274289385
0
0
1.285097208938469
2.095903274289385
0
0
11.79360146390369
40.5614342948773
0
13.79635362123184
1.1073093649624544
0
0
0
82.15431961417558
9.589917446156877
6.868845342989735
0
12.827137400808876
1.6609640474436815
1.1073093649624544
0
5.018269013546202
0
0
2.095903274289385
0
2.095903274289385
0
24.123375117902945
11.612233331406696
8.27354352771415
7.750880215259909
9.281802393729539
0
0
2.095903274289385
0
