1
43
0
7
8
5
2
1
0
0
0
1
0
0
0
0
24
34
49
0
10
1
2
0
3
141
7
1
0
0
0
1
2
1
1
2
1
21
2
2
1
3
0
1
6
3
2
8
1
75
1
5
5
0
3
0
0
0
0
0
0
2
1
2
0
3
13
1
1
2
0
1
2
0
0
0
4
2
3
0
1
1
15
3
103
0
3
11
0
0
2
12
0
0
1
0
0
1
0
0
0
0
0
0
0
0
0
0
0
2
0
1
25
1
2
4
0
0
14
0
4
5
0
1
1
0
0
1
1
2
0
25
8
38
1
0
6
2
1
0
0
8
1
0
0
0
1
1
5
3
2
4
1
5
1
4
2
2
0
1
1
0
0
50
0
0
1
0
1
71
0
18
5
0
0
2
0
0
1
0
1
3
0
12
12
0
0
0
1
9
0
5
34
0
1
13
56
1
16
5
0
1
0
1
1
1
0
0
1
0
0
1
95
0
0
16
48
8
3
0
0
0
0
3
58
31
64
4
2
44
0
0
0
1
0
0
92
0
4
0
1
0
2
0
0
0
4
3
0
2
0
0
0
16
1
2
9
8
34
3
0
0
3
5
8
1
4
2
6
5
1
2
0
18
2
0
0
0
0
0
0
0
0
0
0
0
0
0
0
16
0
0
34
4
2
5
0
1
2
0
0
0
47
9
55
42
121
65
109
20
2
1
1
2
2
52
1
108
1
2
1
68
0
0
0
0
18
81
2
0
2
50
15
2
1
0
10
0
0
0
0
0
0
2
0
0
2
21
1
78
9
54
0
9
1
17
0
1
1
3
35
34
0
1
0
0
0
0
2
1
3
0
26
1
0
2
0
0
0
0
0
30
1
1
3
15
1
0
0
0
0
0
0
1
0
1
0
31
0
0
16
9
0
0
1
0
6
0
1
1
1
2
0
0
0
0
93
106
0
0
0
5
3
0
0
5
30
0
38
1
0
0
0
0
1
11
0
1
0
1
1
1
1
4
3
0
3
0
22
0
27
0
1
0
1
1
0
1
0
1
0
0
1
3
0
9
0
4
0
2
0
27
0
0
0
0
3
1
3
64
0
1
32
61
36
4
6
11
2
1
2
0
0
0
0
2
0
1
0
0
1
1
1
0
1
1
0
0
1
0
0
0
0
0
0
1
0
0
0
0
0
1
2
21
1
1
3
0
0
0
0
0
1
0
0
0
25
10
1
8
3
0
28
4
6
25
7
6
0
12
1
2
5
1
0
0
7
1
1
1
3
2
0
3
0
12
1
0
1
2
3
0
0
2
4
2
2
0
1
0
0
0
0
0
0
0
0
3
11
0
1
6
1
24
4
1
6
2
0
0
0
1
0
0
0
0
48
1
6
5
5
0
0
1
0
38
16
0
50
60
22
0
5
2
11
7
5
3
6
0
3
0
0
0
0
0
3
0
0
1
0
6
11
1
0
43
0
44
38
0
0
1
46
92
25
4
64
9
4
1
2
0
0
0
8
0
0
0
3
5
0
3
0
5
10
0
3
1
1
7
3
1
0
8
12
3
10
1
4
3
0
1
1
1
0
2
1
3
1
1
0
0
0
0
2
0
3
0
0
0
1
21
0
1
2
0
0
0
0
0
1
1
0
81
46
5
0
0
16
0
1
1
0
4
16
0
0
0
1
5
0
0
12
0
0
1
1
0
0
0
0
0
1
0
1
4
9
0
0
81
0
1
1
0
2
0
0
3
0
9
5
0
1
0
1
0
0
0
0
0
0
0
1
5
0
0
0
6
6
0
1
7
2
0
1
51
0
1
0
4
1
1
1
0
0
1
0
2
2
0
1
6
0
1
3
14
2
1
3
3
1
0
0
23
54
51
21
0
3
3
0
5
3
1
0
3
2
3
4
1
4
0
0
2
1
0
8
3
14
15
4
0
1
13
10
13
0
6
1
0
0
28
1
1
1
1
2
0
0
8
0
0
0
0
0
0
0
1
1
0
6
2
0
1
3
2
0
0
0
1
1
0
1
0
1
0
2
36
0
0
0
1
1
0
1
0
0
0
0
0
0
0
0
0
15
24
15
110
79
10
34
79
2
0
38
0
78
2
18
34
2
0
24
37
0
2
0
4
0
0
2
0
1
1
6
14
84
0
0
0
0
0
1
12
4
4
1
0
1
0
0
11
0
0
1
0
2
0
1
3
2
0
2
93
46
1
1
0
1
0
0
4
0
0
0
0
0
0
0
1
0
0
0
0
0
0
3
1
2
1
7
2
0
2
17
1
0
2
0
4
0
0
0
0
1
1
2
0
2
1
0
0
0
3
0
1
1
2
0
1
0
50
0
0
0
0
0
4
0
4
1
0
1
5
0
1
0
0
0
1
1
0
2
0
19
63
0
3
1
0
0
0
1
0
1
0
1
0
1
0
0
14
10
16
0
0
0
0
1
1
1
6
7
0
0
0
0
0
0
0
0
0
0
0
0
1
0
1
0
1
5
11
2
0
0
2
0
0
0
0
2
7
3
1
0
0
1
1
0
0
10
32
0
13
1
0
0
0
73
6
6
0
6
1
1
0
4
0
0
1
0
1
0
8
7
6
4
9
0
0
1
0
